1526 12867 22505
1848 22505 321
57073 2122 6350
57101 6350 27
57114 6350 40
57152 6350 78
57196 6350 122
57214 6350 140
57376 6350 302
57580 6350 506
57981 6350 907
58117 6350 1043
58179 6350 1105
58598 6350 1524
59339 6350 2265
59525 6350 2451
59630 6350 2556
59794 6350 2720
59804 6350 2730
60004 6350 2930
60084 6350 3010
60211 6350 3137
60373 6350 3299
60847 6350 3773
61673 6350 4599
61844 6350 4770
62249 6350 5175
62469 6350 5395
62766 6350 5692
63024 6350 5950
63221 6350 6147
63624 6350 6550
64993 6350 7919
65478 6350 8404
66340 6350 9266
66383 6350 9309
68143 6350 11069
69082 6350 12008
69084 6350 12010
70274 6350 13200
70375 6350 13301
71136 6350 14062
71239 6350 14165
73395 6350 16321
79284 6350 22210
79812 6350 22738
84831 2122 1
84843 2122 13
84846 2122 16
84857 2122 27
84860 2122 30
84865 2122 35
84871 2122 41
84887 2122 57
84891 2122 61
84892 2122 62
84893 2122 63
84898 2122 68
84912 2122 82
84933 2122 103
84936 2122 106
84938 2122 108
84943 2122 113
84949 2122 119
84951 2122 121
84952 2122 122
84958 2122 128
84962 2122 132
84965 2122 135
84976 2122 146
84979 2122 149
84982 2122 152
84983 2122 153
84984 2122 154
84987 2122 157
84990 2122 160
84993 2122 163
84995 2122 165
84996 2122 166
84997 2122 167
84998 2122 168
85021 2122 191
85042 2122 212
85070 2122 240
85079 2122 249
85083 2122 253
85108 2122 278
85151 2122 321
85159 2122 329
85168 2122 338
85179 2122 349
85184 2122 354
85198 2122 368
85199 2122 369
85200 2122 370
85202 2122 372
85217 2122 387
85219 2122 389
85226 2122 396
85228 2122 398
85229 2122 399
85234 2122 404
85260 2122 430
85266 2122 436
85271 2122 441
85274 2122 444
85282 2122 452
85297 2122 467
85311 2122 481
85327 2122 497
85330 2122 500
85334 2122 504
85356 2122 526
85375 2122 545
85376 2122 546
85386 2122 556
85397 2122 567
85409 2122 579
85411 2122 581
85418 2122 588
85419 2122 589
85420 2122 590
85429 2122 599
85435 2122 605
85445 2122 615
85452 2122 622
85454 2122 624
85462 2122 632
85476 2122 646
85499 2122 669
85509 2122 679
85514 2122 684
85521 2122 691
85526 2122 696
85532 2122 702
85544 2122 714
85581 2122 751
85582 2122 752
85583 2122 753
85621 2122 791
85634 2122 804
85641 2122 811
85659 2122 829
85666 2122 836
85695 2122 865
85699 2122 869
85706 2122 876
85709 2122 879
85719 2122 889
85746 2122 916
85751 2122 921
85754 2122 924
85764 2122 934
85766 2122 936
85772 2122 942
85775 2122 945
85776 2122 946
85777 2122 947
85778 2122 948
85779 2122 949
85782 2122 952
85790 2122 960
85794 2122 964
85799 2122 969
85818 2122 988
85819 2122 989
85831 2122 1001
85846 2122 1016
85863 2122 1033
85877 2122 1047
85890 2122 1060
85904 2122 1074
85910 2122 1080
85919 2122 1089
85932 2122 1102
85937 2122 1107
85947 2122 1117
85952 2122 1122
85954 2122 1124
85956 2122 1126
85969 2122 1139
85973 2122 1143
85989 2122 1159
86023 2122 1193
86028 2122 1198
86065 2122 1235
86068 2122 1238
86085 2122 1255
86088 2122 1258
86096 2122 1266
86110 2122 1280
86125 2122 1295
86145 2122 1315
86153 2122 1323
86162 2122 1332
86206 2122 1376
86230 2122 1400
86266 2122 1436
86282 2122 1452
86299 2122 1469
86324 2122 1494
86368 2122 1538
86372 2122 1542
86383 2122 1553
86400 2122 1570
86405 2122 1575
86415 2122 1585
86418 2122 1588
86429 2122 1599
86437 2122 1607
86439 2122 1609
86472 2122 1642
86481 2122 1651
86484 2122 1654
86493 2122 1663
86504 2122 1674
86520 2122 1690
86523 2122 1693
86545 2122 1715
86565 2122 1735
86566 2122 1736
86568 2122 1738
86569 2122 1739
86573 2122 1743
86579 2122 1749
86590 2122 1760
86595 2122 1765
86601 2122 1771
86619 2122 1789
86631 2122 1801
86634 2122 1804
86636 2122 1806
86645 2122 1815
86647 2122 1817
86657 2122 1827
86671 2122 1841
86672 2122 1842
86678 2122 1848
86690 2122 1860
86699 2122 1869
86705 2122 1875
86719 2122 1889
86742 2122 1912
86745 2122 1915
86755 2122 1925
86772 2122 1942
86787 2122 1957
86792 2122 1962
86799 2122 1969
86821 2122 1991
86842 2122 2012
86869 2122 2039
86871 2122 2041
86876 2122 2046
86891 2122 2061
86907 2122 2077
86908 2122 2078
86927 2122 2097
86948 2122 2118
86966 2122 2136
86993 2122 2163
87016 2122 2186
87018 2122 2188
87026 2122 2196
87051 2122 2221
87086 2122 2256
87121 2122 2291
87139 2122 2309
87146 2122 2316
87154 2122 2324
87165 2122 2335
87177 2122 2347
87195 2122 2365
87203 2122 2373
87206 2122 2376
87210 2122 2380
87218 2122 2388
87239 2122 2409
87246 2122 2416
87253 2122 2423
87264 2122 2434
87285 2122 2455
87290 2122 2460
87295 2122 2465
87302 2122 2472
87316 2122 2486
87344 2122 2514
87353 2122 2523
87362 2122 2532
87369 2122 2539
87372 2122 2542
87373 2122 2543
87375 2122 2545
87389 2122 2559
87430 2122 2600
87474 2122 2644
87476 2122 2646
87492 2122 2662
87529 2122 2699
87542 2122 2712
87544 2122 2714
87545 2122 2715
87562 2122 2732
87569 2122 2739
87572 2122 2742
87604 2122 2774
87629 2122 2799
87638 2122 2808
87650 2122 2820
87653 2122 2823
87663 2122 2833
87665 2122 2835
87675 2122 2845
87717 2122 2887
87719 2122 2889
87738 2122 2908
87760 2122 2930
87769 2122 2939
87778 2122 2948
87779 2122 2949
87826 2122 2996
87878 2122 3048
87880 2122 3050
87907 2122 3077
87942 2122 3112
87967 2122 3137
87988 2122 3158
88074 2122 3244
88078 2122 3248
88135 2122 3305
88141 2122 3311
88168 2122 3338
88196 2122 3366
88202 2122 3372
88212 2122 3382
88221 2122 3391
88224 2122 3394
88232 2122 3402
88412 2122 3582
88428 2122 3598
88484 2122 3654
88515 2122 3685
88520 2122 3690
88529 2122 3699
88536 2122 3706
88584 2122 3754
88599 2122 3769
88649 2122 3819
88756 2122 3926
88761 2122 3931
88767 2122 3937
88834 2122 4004
88876 2122 4046
88929 2122 4099
88934 2122 4104
88935 2122 4105
88946 2122 4116
88993 2122 4163
88996 2122 4166
89027 2122 4197
89083 2122 4253
89090 2122 4260
89091 2122 4261
89095 2122 4265
89102 2122 4272
89105 2122 4275
89140 2122 4310
89143 2122 4313
89155 2122 4325
89169 2122 4339
89170 2122 4340
89171 2122 4341
89196 2122 4366
89206 2122 4376
89216 2122 4386
89253 2122 4423
89294 2122 4464
89305 2122 4475
89377 2122 4547
89380 2122 4550
89414 2122 4584
89427 2122 4597
89433 2122 4603
89492 2122 4662
89515 2122 4685
89545 2122 4715
89595 2122 4765
89656 2122 4826
89725 2122 4895
89737 2122 4907
89775 2122 4945
89792 2122 4962
89805 2122 4975
89808 2122 4978
89821 2122 4991
89831 2122 5001
89896 2122 5066
89944 2122 5114
89947 2122 5117
89948 2122 5118
89962 2122 5132
90010 2122 5180
90041 2122 5211
90065 2122 5235
90085 2122 5255
90117 2122 5287
90132 2122 5302
90155 2122 5325
90252 2122 5422
90273 2122 5443
90320 2122 5490
90344 2122 5514
90362 2122 5532
90370 2122 5540
90379 2122 5549
90392 2122 5562
90580 2122 5750
90591 2122 5761
90612 2122 5782
90613 2122 5783
90761 2122 5931
90877 2122 6047
90899 2122 6069
90911 2122 6081
90912 2122 6082
90938 2122 6108
90951 2122 6121
90970 2122 6140
91105 2122 6275
91132 2122 6302
91161 2122 6331
91168 2122 6338
91285 2122 6455
91311 2122 6481
91362 2122 6532
91365 2122 6535
91367 2122 6537
91372 2122 6542
91406 2122 6576
91422 2122 6592
91425 2122 6595
91444 2122 6614
91465 2122 6635
91474 2122 6644
91490 2122 6660
91501 2122 6671
91577 2122 6747
91599 2122 6769
91644 2122 6814
91663 2122 6833
91664 2122 6834
91679 2122 6849
91787 2122 6957
91811 2122 6981
91822 2122 6992
91872 2122 7042
91946 2122 7116
91979 2122 7149
92035 2122 7205
92049 2122 7219
92055 2122 7225
92153 2122 7323
92159 2122 7329
92171 2122 7341
92194 2122 7364
92224 2122 7394
92226 2122 7396
92316 2122 7486
92415 2122 7585
92447 2122 7617
92530 2122 7700
92727 2122 7897
92744 2122 7914
92795 2122 7965
92797 2122 7967
92836 2122 8006
92858 2122 8028
92897 2122 8067
92944 2122 8114
92953 2122 8123
92977 2122 8147
93006 2122 8176
93007 2122 8177
93043 2122 8213
93126 2122 8296
93188 2122 8358
93272 2122 8442
93417 2122 8587
93451 2122 8621
93488 2122 8658
93574 2122 8744
93656 2122 8826
93671 2122 8841
93697 2122 8867
93716 2122 8886
93931 2122 9101
94134 2122 9304
94137 2122 9307
94157 2122 9327
94254 2122 9424
94290 2122 9460
94401 2122 9571
94486 2122 9656
94628 2122 9798
94679 2122 9849
94715 2122 9885
94733 2122 9903
94738 2122 9908
94765 2122 9935
94962 2122 10132
95009 2122 10179
95036 2122 10206
95088 2122 10258
95096 2122 10266
95138 2122 10308
95195 2122 10365
95250 2122 10420
95275 2122 10445
95280 2122 10450
95310 2122 10480
95371 2122 10541
95432 2122 10602
95453 2122 10623
95463 2122 10633
95641 2122 10811
95798 2122 10968
95871 2122 11041
95880 2122 11050
95899 2122 11069
95900 2122 11070
95955 2122 11125
96016 2122 11186
96146 2122 11316
96167 2122 11337
96296 2122 11466
96361 2122 11531
96483 2122 11653
96657 2122 11827
96847 2122 12017
96851 2122 12021
96856 2122 12026
97039 2122 12209
97091 2122 12261
97109 2122 12279
97147 2122 12317
97295 2122 12465
97539 2122 12709
97648 2122 12818
97803 2122 12973
97998 2122 13168
98074 2122 13244
98139 2122 13309
98143 2122 13313
98276 2122 13446
98484 2122 13654
98497 2122 13667
98570 2122 13740
98579 2122 13749
98671 2122 13841
98883 2122 14053
98906 2122 14076
98964 2122 14134
99069 2122 14239
99257 2122 14427
99514 2122 14684
99719 2122 14889
99724 2122 14894
99841 2122 15011
100239 2122 15409
100246 2122 15416
100507 2122 15677
100897 2122 16067
101242 2122 16412
101462 2122 16632
101627 2122 16797
102095 2122 17265
102469 2122 17639
102582 2122 17752
102646 2122 17816
103912 2122 19082
104461 2122 19631
104598 2122 19768
105463 2122 20633
105526 2122 20696
105894 2122 21064
106260 2122 21430
106964 2122 22134
107203 2122 22373
107668 2122 22838
109730 2122 24900
110289 2122 25459
110290 2122 25460
110291 2122 25461
113013 1034 592
113015 592 1
113044 592 30
113058 592 44
113075 592 61
113109 592 95
113117 592 103
113136 592 122
113148 592 134
113211 592 197
113276 592 262
113307 592 293
113316 592 302
113418 592 404
113427 592 413
113441 592 427
113442 592 428
113444 592 430
113450 592 436
113493 592 479
113603 592 589
113625 592 611
113706 592 692
113709 592 695
113784 592 770
113801 592 787
113990 592 976
113997 592 983
114086 592 1072
114237 592 1223
114400 592 1386
114485 592 1471
114577 592 1563
114608 592 1594
114639 592 1625
114683 592 1669
114781 592 1767
114818 592 1804
114832 592 1818
114888 592 1874
114920 592 1906
114922 592 1908
114924 592 1910
114978 592 1964
114999 592 1985
115076 592 2062
115099 592 2085
115119 592 2105
115169 592 2155
115223 592 2209
115275 592 2261
115305 592 2291
115334 592 2320
115365 592 2351
115378 592 2364
115529 592 2515
115674 592 2660
115704 592 2690
115823 592 2809
115848 592 2834
115864 592 2850
116033 592 3019
116110 592 3096
116122 592 3108
116128 592 3114
116290 592 3276
116316 592 3302
116373 592 3359
116422 592 3408
116516 592 3502
116588 592 3574
116796 592 3782
116812 592 3798
116907 592 3893
117098 592 4084
117114 592 4100
117121 592 4107
117196 592 4182
117227 592 4213
117380 592 4366
117850 592 4836
117943 592 4929
117976 592 4962
117989 592 4975
118028 592 5014
118172 592 5158
118218 592 5204
118267 592 5253
118302 592 5288
118434 592 5420
118523 592 5509
118546 592 5532
118705 592 5691
118917 592 5903
119366 592 6352
119511 592 6497
119782 592 6768
119995 592 6981
120125 592 7111
120149 592 7135
121296 592 8282
121338 592 8324
121988 592 8974
122349 592 9335
122407 592 9393
122970 592 9956
123569 592 10555
124112 592 11098
124380 592 11366
124396 592 11382
124558 592 11544
124565 592 11551
125446 592 12432
125890 592 12876
126170 592 13156
126420 592 13406
127537 592 14523
127867 592 14853
128007 592 14993
129484 592 16470
129835 592 16821
130579 592 17565
135123 592 22109
137458 592 24444
140771 1034 1
140775 1034 5
140786 1034 16
140800 1034 30
140805 1034 35
140811 1034 41
140812 1034 42
140830 1034 60
140831 1034 61
140833 1034 63
140847 1034 77
140865 1034 95
140876 1034 106
140890 1034 120
140892 1034 122
140898 1034 128
140901 1034 131
140917 1034 147
140936 1034 166
140940 1034 170
140978 1034 208
141002 1034 232
141020 1034 250
141038 1034 268
141063 1034 293
141067 1034 297
141087 1034 317
141101 1034 331
141129 1034 359
141141 1034 371
141171 1034 401
141178 1034 408
141184 1034 414
141187 1034 417
141188 1034 418
141239 1034 469
141248 1034 478
141249 1034 479
141251 1034 481
141289 1034 519
141317 1034 547
141327 1034 557
141331 1034 561
141336 1034 566
141340 1034 570
141342 1034 572
141352 1034 582
141366 1034 596
141381 1034 611
141384 1034 614
141385 1034 615
141392 1034 622
141412 1034 642
141417 1034 647
141427 1034 657
141464 1034 694
141465 1034 695
141537 1034 767
141540 1034 770
141545 1034 775
141555 1034 785
141592 1034 822
141628 1034 858
141639 1034 869
141666 1034 896
141677 1034 907
141690 1034 920
141691 1034 921
141722 1034 952
141723 1034 953
141738 1034 968
141748 1034 978
141758 1034 988
141772 1034 1002
141780 1034 1010
141792 1034 1022
141817 1034 1047
141845 1034 1075
141870 1034 1100
141887 1034 1117
141889 1034 1119
141910 1034 1140
141917 1034 1147
141921 1034 1151
141937 1034 1167
141948 1034 1178
141995 1034 1225
142042 1034 1272
142048 1034 1278
142085 1034 1315
142096 1034 1326
142129 1034 1359
142152 1034 1382
142172 1034 1402
142207 1034 1437
142250 1034 1480
142291 1034 1521
142308 1034 1538
142312 1034 1542
142323 1034 1553
142324 1034 1554
142342 1034 1572
142353 1034 1583
142364 1034 1594
142370 1034 1600
142379 1034 1609
142386 1034 1616
142387 1034 1617
142388 1034 1618
142389 1034 1619
142396 1034 1626
142414 1034 1644
142435 1034 1665
142436 1034 1666
142439 1034 1669
142445 1034 1675
142449 1034 1679
142471 1034 1701
142472 1034 1702
142474 1034 1704
142502 1034 1732
142541 1034 1771
142549 1034 1779
142561 1034 1791
142567 1034 1797
142571 1034 1801
142572 1034 1802
142576 1034 1806
142605 1034 1835
142607 1034 1837
142614 1034 1844
142644 1034 1874
142666 1034 1896
142685 1034 1915
142690 1034 1920
142710 1034 1940
142731 1034 1961
142750 1034 1980
142754 1034 1984
142756 1034 1986
142762 1034 1992
142764 1034 1994
142853 1034 2083
142857 1034 2087
142875 1034 2105
142891 1034 2121
142901 1034 2131
142911 1034 2141
142912 1034 2142
142917 1034 2147
142947 1034 2177
142958 1034 2188
142971 1034 2201
142981 1034 2211
143008 1034 2238
143010 1034 2240
143015 1034 2245
143026 1034 2256
143035 1034 2265
143048 1034 2278
143074 1034 2304
143100 1034 2330
143134 1034 2364
143155 1034 2385
143170 1034 2400
143200 1034 2430
143224 1034 2454
143232 1034 2462
143332 1034 2562
143401 1034 2631
143419 1034 2649
143420 1034 2650
143439 1034 2669
143441 1034 2671
143456 1034 2686
143467 1034 2697
143469 1034 2699
143483 1034 2713
143494 1034 2724
143500 1034 2730
143501 1034 2731
143503 1034 2733
143522 1034 2752
143570 1034 2800
143579 1034 2809
143600 1034 2830
143602 1034 2832
143629 1034 2859
143632 1034 2862
143635 1034 2865
143639 1034 2869
143662 1034 2892
143689 1034 2919
143752 1034 2982
143778 1034 3008
143789 1034 3019
143790 1034 3020
143795 1034 3025
143809 1034 3039
143819 1034 3049
143956 1034 3186
143979 1034 3209
144071 1034 3301
144075 1034 3305
144084 1034 3314
144106 1034 3336
144124 1034 3354
144127 1034 3357
144131 1034 3361
144232 1034 3462
144260 1034 3490
144267 1034 3497
144273 1034 3503
144285 1034 3515
144290 1034 3520
144371 1034 3601
144379 1034 3609
144385 1034 3615
144407 1034 3637
144416 1034 3646
144429 1034 3659
144537 1034 3767
144552 1034 3782
144557 1034 3787
144590 1034 3820
144596 1034 3826
144614 1034 3844
144701 1034 3931
144747 1034 3977
144816 1034 4046
144822 1034 4052
144926 1034 4156
144960 1034 4190
144972 1034 4202
145061 1034 4291
145087 1034 4317
145132 1034 4362
145170 1034 4400
145180 1034 4410
145191 1034 4421
145192 1034 4422
145217 1034 4447
145268 1034 4498
145270 1034 4500
145282 1034 4512
145306 1034 4536
145314 1034 4544
145324 1034 4554
145331 1034 4561
145383 1034 4613
145388 1034 4618
145400 1034 4630
145422 1034 4652
145540 1034 4770
145549 1034 4779
145578 1034 4808
145598 1034 4828
145610 1034 4840
145657 1034 4887
145684 1034 4914
145703 1034 4933
145711 1034 4941
145727 1034 4957
145751 1034 4981
145784 1034 5014
145905 1034 5135
145910 1034 5140
145973 1034 5203
146015 1034 5245
146278 1034 5508
146364 1034 5594
146488 1034 5718
146508 1034 5738
146534 1034 5764
146538 1034 5768
146569 1034 5799
146580 1034 5810
146651 1034 5881
146700 1034 5930
146703 1034 5933
146778 1034 6008
146809 1034 6039
146823 1034 6053
146839 1034 6069
146913 1034 6143
146922 1034 6152
147094 1034 6324
147111 1034 6341
147122 1034 6352
147125 1034 6355
147139 1034 6369
147223 1034 6453
147243 1034 6473
147251 1034 6481
147252 1034 6482
147269 1034 6499
147363 1034 6593
147417 1034 6647
147440 1034 6670
147510 1034 6740
147512 1034 6742
147530 1034 6760
147619 1034 6849
147660 1034 6890
147758 1034 6988
147821 1034 7051
147902 1034 7132
147925 1034 7155
147961 1034 7191
148043 1034 7273
148091 1034 7321
148110 1034 7340
148112 1034 7342
148125 1034 7355
148144 1034 7374
148227 1034 7457
148331 1034 7561
148393 1034 7623
148460 1034 7690
148654 1034 7884
148745 1034 7975
148760 1034 7990
148800 1034 8030
148817 1034 8047
148838 1034 8068
148932 1034 8162
149108 1034 8338
149146 1034 8376
149147 1034 8377
149191 1034 8421
149209 1034 8439
149212 1034 8442
149326 1034 8556
149352 1034 8582
149358 1034 8588
149380 1034 8610
149408 1034 8638
149427 1034 8657
149570 1034 8800
149664 1034 8894
149689 1034 8919
149699 1034 8929
149764 1034 8994
149766 1034 8996
149769 1034 8999
149804 1034 9034
149846 1034 9076
150027 1034 9257
150052 1034 9282
150079 1034 9309
150085 1034 9315
150265 1034 9495
150520 1034 9750
150674 1034 9904
150810 1034 10040
150997 1034 10227
151266 1034 10496
151294 1034 10524
151339 1034 10569
151902 1034 11132
151918 1034 11148
151966 1034 11196
152397 1034 11627
152514 1034 11744
152656 1034 11886
152665 1034 11895
152668 1034 11898
152726 1034 11956
152758 1034 11988
152797 1034 12027
152844 1034 12074
152852 1034 12082
152872 1034 12102
152945 1034 12175
153104 1034 12334
153141 1034 12371
153143 1034 12373
153233 1034 12463
153906 1034 13136
153960 1034 13190
154040 1034 13270
154059 1034 13289
154222 1034 13452
154287 1034 13517
154320 1034 13550
154457 1034 13687
154764 1034 13994
155081 1034 14311
155123 1034 14353
155511 1034 14741
155699 1034 14929
155729 1034 14959
155985 1034 15215
156230 1034 15460
156303 1034 15533
156468 1034 15698
156578 1034 15808
156625 1034 15855
156763 1034 15993
156785 1034 16015
156794 1034 16024
156990 1034 16220
157148 1034 16378
157772 1034 17002
157844 1034 17074
157933 1034 17163
157979 1034 17209
158133 1034 17363
158698 1034 17928
159037 1034 18267
160679 1034 19909
162423 1034 21653
162549 1034 21779
162673 1034 21903
163599 1034 22829
164879 1034 24109
169111 3195 5213
170577 22527 13047
170612 969 1695
170905 748 12763
171018 1176 3004
171349 5894 10353
171770 3156 5943
172186 5224 11210
172500 9 588
173579 4290 19920
174520 2803 1789
174578 375 2697
175266 3741 5
175314 15207 104
175555 23 4569
175778 1808 12605
175968 1800 356
176105 168 3792
177362 6233 17849
177500 4081 354
177629 11133 1207
178348 240 714
178458 838 11973
178738 1871 884
179593 3189 5166
180365 3916 11191
181266 4421 3218
181470 16240 2344
181505 12140 615
181603 321 10083
181643 1766 13838
181691 378 2479
181896 4619 2568
181932 122 18021
182215 7734 4896
182494 4258 17350
182824 2132 1149
183697 3108 116
183950 4332 1711
185199 4082 9820
185213 5358 30
185273 179 3706
185720 7779 14937
186030 220 9596
186405 1945 11069
187237 1047 951
187607 9 619
187980 4564 4334
188790 116 2047
188814 2278 16005
189928 140 4851
190123 21367 3559
190308 3939 2859
190467 804 387
190594 15337 225
190666 547 7015
190765 3143 2794
191002 10538 900
191636 12608 3819
191655 6090 9137
192932 891 7243
194138 10374 10376
194438 9747 11499
195574 349 761
196488 1242 1195
197584 10034 8642
198432 7474 30
198488 338 4628
198489 11188 1542
198566 6787 23264
198935 16855 1833
198974 6032 5438
199355 14624 436
199813 1145 151
200390 8642 186
201499 6883 657
201539 2300 13444
201630 1801 5021
202630 4071 4395
202740 3089 153
203225 5765 11612
203431 3931 1106
205490 241 3041
205615 7596 5117
206017 9172 1987
207699 1195 3755
208078 21251 1993
208502 1047 2717
208895 5632 17934
210738 10123 1594
210861 10711 4099
210896 19795 1256
210929 4099 7005
211705 4022 3615
212220 3985 166
212326 309 2257
212385 3336 583
212694 785 1436
213004 3797 3333
214635 4272 4332
214654 13427 23618
214877 1777 12734
215832 1122 14131
215935 208 12941
216242 1547 4911
216492 1059 13100
216497 4550 11317
216930 5969 21363
216972 416 248
217010 15237 27229
217370 61 6868
217563 1706 1044
217828 3019 7807
218542 12801 10214
218945 5389 569
219194 30 4589
219797 6757 5369
220344 20024 829
220378 8210 5384
221080 8162 14687
221135 10522 551
221708 9238 1875
222326 3624 4046
222603 589 6330
222767 4096 4313
222893 6938 676
223020 4669 485
223969 1529 11796
224439 61 1876
224750 19899 11774
224956 1074 1577
225242 9595 12856
225277 9721 3865
225819 2757 869
225884 1663 3338
226127 2644 3955
226263 9327 2530
227208 1512 3971
227240 1764 3602
227340 12890 2251
227947 5991 5105
228164 1971 1618
228619 122 16831
229624 965 1642
229707 4679 3134
229937 1665 113
231238 2075 20867
231612 949 2448
231692 1496 761
232939 35 8977
233078 2714 7596
233816 795 9020
234109 806 6668
234685 1613 131
235963 20005 190
236386 2220 1112
236932 223 1859
237735 3974 2172
238486 1422 5919
239003 18324 8708
239174 6502 1936
239295 9712 1806
239506 13496 3172
239810 14326 10837
240134 1623 5932
240158 12282 692
240532 2464 9726
240609 396 547
241273 9753 23049
243237 615 7131
243251 14452 122
243819 21515 3046
244750 758 965
244905 14803 11260
245077 4254 2400
245361 12869 18227
245460 9176 2407
245756 16452 3327
246480 6156 1019
247415 17059 6358
249020 10932 8906
249132 8827 12190
249170 12823 2644
249550 9477 3218
249670 5422 4922
249868 15225 2540
249927 10893 1560
250029 567 3027
250090 1745 7560
250328 2298 6094
250512 1211 1151
250850 9843 130
252004 940 1736
252080 1402 3742
252627 1341 167
252645 1049 8447
252800 4072 3507
252913 15062 4611
253201 2889 1441
254313 869 129
254407 1098 11375
255425 19432 122
255592 3865 4329
257362 6198 2823
258131 501 9436
258824 122 6170
258936 9692 1015
259197 2437 595
259326 1815 4134
260033 14300 9572
260170 4339 5148
260328 22480 2223
261883 14282 1025
261992 145 6492
262405 8904 7375
263185 9406 6764
263331 3971 1112
263742 9977 594
263976 6387 10633
266007 1682 1007
266089 4038 11731
266399 3511 3507
266565 12210 6508
266765 1098 900
267460 916 7225
267728 6649 13876
268054 14977 1283
268235 2192 3305
268511 3588 3718
268570 2247 1748
268628 11198 6163
269131 14846 5083
269440 914 11705
269818 3048 50
269923 3372 4196
270184 1126 2518
270640 5607 5598
270782 6686 42
271131 1885 572
271268 2019 3584
271291 24332 838
271295 10179 8185
271312 7579 2090
271346 5546 341
273006 7153 11379
273661 479 14922
273818 10640 9322
273880 79 16080
274127 8803 2741
274206 21482 7528
274307 706 2447
274311 4805 445
274340 121 396
274979 24033 10368
276137 4523 8689
276387 3123 9244
276509 11683 3359
276601 9852 3683
276885 1758 13102
277211 7774 13047
277349 22595 7865
277626 156 4586
279138 1222 12436
279271 5681 1009
280061 2153 18151
280504 7848 5622
280746 865 127
281245 4558 3983
281654 16587 16289
281934 22731 4820
283226 2131 7196
284266 2744 1538
284477 2744 5052
285240 5409 8904
285472 443 450
285567 4229 1796
285579 5430 21
285608 25450 4096
285864 527 4300
285890 1889 5413
286605 912 3769
287427 875 106
287713 1806 3954
287810 2347 6194
288389 5108 9776
289198 1105 489
289214 970 9725
289537 1727 4329
289565 119 267
289898 1610 7174
289956 10748 4403
289999 9466 6508
290013 5820 5609
290270 6154 9101
290890 3144 3877
291495 1571 4395
291605 4708 1361
292106 9230 165
292216 4725 3699
292578 12422 1106
292651 8919 9788
292698 5579 18589
292765 35 6427
293312 2774 391
293605 10055 3706
293616 1851 7033
293858 745 770
294084 8726 614
294241 6530 28
294813 4313 1218
295002 10229 10597
295366 12663 181
295459 3579 1767
295741 208 9373
295946 910 708
296136 6544 910
296310 829 4340
296501 11032 1176
296546 4292 10457
297219 11399 4288
297756 1560 2943
298183 2771 6002
298351 10756 9110
298425 10900 2386
298959 2138 611
298978 2329 1704
299015 2822 1300
299184 7217 3633
299502 11332 367
300161 6947 6981
300649 6469 1107
301215 5436 7049
301235 2731 4100
301260 21831 13818
302658 1 954
302907 74 13366
303260 4306 3584
303540 9595 14546
303708 10089 17314
304142 5774 967
304759 122 9520
305431 2188 1154
306022 10009 26934
306399 3323 3254
306660 9138 10685
307608 8950 7514
307904 2248 2583
308115 3706 12879
309024 9515 21710
309871 3345 4553
310494 9437 5383
310975 5607 5289
311420 1126 5118
311465 22136 23042
311518 62 11309
311581 6538 21488
311665 3706 12980
311734 4628 5999
312026 20306 3504
312117 569 2725
312178 2527 2405
312211 6333 17298
312609 15051 2165
313771 6844 5061
314121 13007 6649
314176 13377 4921
314197 78 30
314940 13243 2048
315427 23027 5983
316921 6839 729
317468 8890 4557
317530 19845 1083
317962 4276 13015
318365 3612 1217
318429 12802 2378
318798 3368 1160
319502 3584 4662
319655 4197 9940
320057 76 2628
320846 10956 3468
321418 7617 7042
322079 749 7748
322186 3169 3129
322920 1510 350
323187 2511 1033
323362 622 5371
324827 12805 1050
326017 3593 8394
326048 9140 8257
326169 310 4503
326268 4099 9624
326399 15329 8178
327201 7210 4362
328790 10212 130
329060 941 14358
329694 436 105
330076 491 3255
330123 9458 10458
330320 4020 20981
330656 14143 6780
330979 10246 4840
331327 288 19720
332149 3387 8933
332916 11178 10200
334098 8512 13347
334306 1942 2871
334459 6849 5562
334670 3000 1002
334699 13657 19950
335041 941 12321
335226 1768 1921
335721 10958 1976
336334 4526 1784
336760 212 20461
337330 36 9152
338612 949 41
338615 1373 1280
338654 5358 1084
339868 10179 21717
340429 5053 19777
341016 2300 9855
341687 1801 13785
342083 14096 1986
342680 9924 10996
342952 1105 569
343043 14841 5932
343825 5259 10912
344265 1072 404
344727 1046 436
345121 4317 12366
345177 6671 436
345468 2263 3693
345490 6178 5720
346332 3049 5204
346701 5809 14546
347463 9790 9660
348455 11301 11069
348527 18160 6769
348738 7502 12292
348962 13498 876
349823 201 2582
350124 8933 3873
350787 10055 101
352566 255 14106
352658 7337 1171
352765 934 9472
353794 208 2214
354092 14151 10179
354102 9267 10052
354282 11651 1088
354546 6790 1195
354781 6643 2754
354850 30 7570
354933 1293 23066
355160 291 3922
355246 1054 12873
355614 1642 12914
355666 239 12938
355696 9236 6780
357086 1529 13212
357743 2103 3946
357818 425 3109
358141 6642 19867
358555 12873 11739
359138 297 1617
359328 7879 589
359861 3334 3254
360488 6668 22185
360850 6663 2141
361047 2153 3570
361642 12600 389
362498 458 4702
362551 15697 2141
363190 2031 3412
363791 8673 21078
363859 5806 11955
364322 5015 6716
364479 6114 420
365051 4740 1373
365438 1945 8898
365568 2240 5003
365708 17514 321
366894 4083 4603
367251 488 1683
367708 6921 10055
368298 1535 1202
368704 5612 416
368733 120 15769
368832 4542 2194
368935 3351 3445
369188 7487 2148
370410 1721 5340
371127 67 1801
371197 35 2040
371614 4519 992
371775 14429 9844
371777 396 23075
372375 6905 852
372682 12938 1067
373139 3833 2386
373312 6837 153
373446 7260 10281
374278 883 1767
374550 753 49
375382 10687 2247
375479 934 11717
375809 1067 16673
376277 11118 4259
376950 3637 10655
377407 1651 4558
378216 803 1806
378474 9216 6290
378519 3591 9841
378784 1993 30
379529 3798 2343
379568 7487 152
379858 71 10501
379917 18563 4253
380057 4416 13672
380380 1216 26807
381804 128 2455
381911 6867 12115
382169 301 156
382762 3395 929
383637 9999 3646
384501 5638 13727
385116 506 13020
385205 7065 972
386006 7649 7688
386435 1984 1145
387120 10175 1252
387288 4266 6832
387460 2705 7502
387582 4163 2509
387997 4367 11851
388383 3170 4025
388836 369 2556
388900 9275 696
389148 4308 4426
389414 7711 6581
389655 10162 15122
389667 3155 198
390199 2435 949
390289 5203 14738
390290 9244 106
390343 12920 6499
391022 12058 3694
391790 1961 6948
392254 61 10672
392396 20460 3634
392511 14833 70
392868 1140 3314
393106 299 3186
393391 4987 3040
393452 2164 10052
393637 1263 2587
393854 2865 2165
394104 259 1710
394225 8067 2375
395011 2060 1028
395246 5148 5969
395805 4626 161
395872 501 974
396251 676 14124
398696 9325 8164
399678 12441 6621
400098 18030 9226
400283 3640 3809
400534 4231 122
400699 9463 8597
401122 321 11219
401132 9149 8556
401573 1709 21561
401979 1129 2442
402236 12828 3138
402607 970 8646
403875 106 15387
404131 25301 696
404583 5971 2909
404622 2553 22437
405146 2537 1992
405590 1051 147
405694 10117 12762
406093 396 2585
406335 622 1785
406339 122 15277
406710 3399 9480
407073 3784 21748
407176 1045 869
407378 21911 20969
407476 429 6912
407571 8502 1613
407721 10737 15103
407914 4714 686
408100 436 12775
408695 4285 2370
408703 122 9972
409493 632 1085
409602 15536 24913
409917 14083 14352
410005 1964 3125
410616 1644 2952
410666 4460 10669
410899 8026 3699
411025 9938 15356
411664 3288 6734
411779 3387 3588
412047 4911 2461
412705 35 1620
413015 148 2251
413818 3178 349
413940 615 1341
414256 6160 3360
414323 2367 14938
414482 21140 12989
415106 7649 854
416102 15662 16234
416490 2887 2334
417447 2604 246
417452 5601 122
417543 9340 242
417972 11369 1064
418021 2243 7110
418341 8343 2737
418476 4873 4558
418505 4170 5937
418522 5127 705
418848 4004 6656
419167 140 20037
419564 2867 3995
420147 1122 2300
420529 4615 12472
421295 396 415
421790 589 7219
422373 2292 122
422544 5679 2004
423251 443 9
423577 19058 1045
423772 10227 795
424754 10625 3584
424940 931 12415
425077 647 131
425423 2534 3137
425804 1840 2364
426014 943 122
426399 22442 5913
426862 3706 2823
427010 8950 1886
427029 7838 128
427197 2397 1767
427350 4339 1733
428481 10838 24050
429113 13624 378
429372 430 6466
430060 445 354
430235 2403 396
430249 1706 12913
430791 106 1925
431464 324 489
432088 1208 965
432882 21049 12243
433557 12029 10297
433621 3338 2879
434769 1529 6826
435312 6461 1052
435327 12753 1504
435634 12891 1833
435984 7429 1500
436024 3706 2388
436226 18741 9977
436374 13084 4654
437004 10608 5539
437101 1588 11859
437720 1588 2381
438180 3289 21157
438916 360 5524
439406 9340 1048
439559 22765 2471
439574 3800 5980
439738 8389 8567
439796 4272 11583
440041 2809 8619
440169 13861 3864
440373 1162 30
440638 1098 5955
440981 806 12915
441047 829 1074
441794 13657 5808
442119 14806 7683
442283 3412 1733
442734 4476 16460
442977 15599 2710
443479 11806 3399
443615 603 3607
443737 753 15772
443739 8305 17818
443965 868 127
444680 780 1987
444885 10604 10256
444946 9602 118
445030 9934 9101
445617 8606 930
445780 22648 5104
447156 14231 21783
447892 1930 2410
448135 1622 11870
448468 693 6728
449001 6092 5565
449276 10784 1107
449297 763 10210
449719 185 1723
450283 237 10055
450345 1047 5932
451645 23665 802
452452 1683 4288
453590 6822 9595
453640 240 9103
453737 95 1793
454665 14682 9439
454858 3931 6358
455607 4004 436
455827 16777 156
455847 18303 1261
456578 5277 5606
456797 8856 18260
457004 13597 226
457356 11921 1771
457572 212 12424
458510 2208 942
458609 2487 42
458831 5480 969
459306 763 9668
459481 2714 3159
459808 5 1479
459941 6990 1823
460189 41 3944
460425 6846 3706
461032 8904 4593
461781 62 11427
461782 9144 4313
461846 14732 1238
461957 1651 284
461980 140 20658
463111 10306 9469
463321 1754 10527
463658 11872 4189
465323 701 4004
466053 9977 1805
466256 4991 3944
466975 5644 11907
467502 5709 804
468911 10159 11091
469742 7573 7310
470161 21384 5606
470944 5792 104
471200 8744 7213
471297 2309 1730
471393 7682 6818
471870 3331 20049
471998 4871 4504
472053 2905 5291
472304 4085 8103
472711 12868 7317
472885 3936 6907
473495 723 244
473670 23006 13657
473817 4266 14262
474765 7886 1366
474970 3615 2641
475107 952 5578
475308 24590 7693
475319 9377 490
475456 23 5743
475915 1001 2948
475971 3880 11735
476462 6185 5540
476690 14783 387
476819 12924 10541
476923 14667 6192
477218 21284 3894
478618 5388 900
478685 7042 6582
481530 2629 61
481628 22010 588
481738 3947 11783
481757 41 17043
482438 221 4818
482468 4707 4564
483189 13520 2153
484065 12309 389
485438 1089 18170
485497 9408 14371
485792 10533 396
486683 10873 20071
486697 5629 4340
487013 14169 1206
487469 128 5146
487473 2216 2018
487627 2301 11729
487805 1632 2652
490055 11597 11957
490238 7286 4617
490786 12734 3161
490833 9110 3144
490984 5158 4314
491232 3819 2867
493999 23547 14850
494184 8906 11936
494510 61 1597
494529 866 13890
495858 15371 19813
496685 11356 976
496692 7989 261
496775 16871 1506
497308 21021 1841
497497 2324 1260
497782 6354 5411
498036 12350 63
498756 1934 323
498771 2265 321
499300 2250 2479
500397 1975 131
501026 538 8460
501472 301 4761
502618 13174 14273
502660 1285 323
503885 1739 2297
504009 4004 2433
504852 5339 1402
505028 6929 13922
505163 15857 3711
505496 2380 8556
505527 20015 3137
505793 661 10737
505805 1844 2645
506248 3325 696
506509 338 751
506542 9244 8040
506863 1625 466
507194 2845 10420
507722 6027 12085
508771 1810 2891
508850 1813 7636
508929 3334 15735
510819 14888 2989
511422 21444 7135
513354 1081 2594
513436 3374 16320
514469 3892 9881
515075 7796 1005
515484 3134 17010
515835 852 9787
516067 657 8274
517032 4768 636
518867 23790 4254
520397 230 3984
520478 894 2138
520491 12095 12671
520615 9459 9408
520832 5057 2244
523427 12080 21018
523453 2699 1017
524039 35 4503
524345 2823 229
525256 7355 1315
525309 6477 10478
525951 9252 2566
526201 6022 3039
526248 10996 14010
526894 15764 6101
527334 14433 1833
527584 235 9852
528024 5801 5266
528093 435 3692
528242 2040 11379
528951 5772 2623
529302 321 952
529834 21991 2823
530007 751 6441
531005 2495 2
531988 1126 17724
532062 2288 1614
533720 5927 5041
533928 716 4362
534337 13024 1536
534433 15474 1718
534886 710 4349
534973 6168 16278
535341 21256 22251
535745 10598 4247
536417 7188 9152
537186 7627 6684
537294 356 445
537543 11911 2153
537551 6163 182
537621 11836 375
537784 2961 6902
537923 9595 2074
538018 10683 12869
538433 6486 3746
538446 4367 10002
538475 321 5721
538557 1120 11324
539239 4761 2092
539588 6767 1099
539755 13798 4824
540413 6592 10820
540502 495 6178
540757 15182 103
541067 22766 6225
541101 1494 4443
541166 1971 3109
542357 922 232
542415 11398 2982
542613 581 4650
542759 4719 17436
542889 8847 17904
543049 13362 13365
543378 435 2916
543484 6676 18514
543874 21933 8644
544131 6183 2340
544647 14938 5972
544759 6807 12812
544819 15957 10488
544892 9281 2493
545355 10429 61
546332 2257 15144
546345 17 1623
546594 942 1762
546867 6816 1107
547451 7824 707
548569 7690 297
548986 8732 2155
549472 183 3282
549555 6027 12330
549650 8203 4879
549741 3615 21214
550409 11335 122
550655 8392 21030
550660 2166 1
550668 8578 12832
550706 324 14958
551481 63 11983
552082 21487 442
552213 8128 804
552697 5549 13178
552747 1663 8309
552889 12887 679
555011 14698 1154
555495 5557 14530
555599 806 1767
555628 949 5938
556128 3293 6447
557118 9523 764
557200 7886 9903
557357 4334 16793
557572 387 2675
557764 821 2567
557828 3596 396
558144 12238 4287
559311 9979 2475
559773 113 2009
560062 949 14477
560487 12920 11955
560526 3305 10749
561134 436 1809
561339 5534 299
562160 3021 13
563020 21299 5080
563024 8758 7572
563575 27 34
563888 14713 2300
564085 9463 8720
564346 781 14615
565076 44 2214
565092 560 2207
565410 3361 5093
565660 14631 6780
566303 4846 7226
567218 153 4163
567330 10532 16728
567375 12986 212
567599 4334 2204
568861 7272 3962
568935 1003 6637
569003 2309 23841
571365 2071 3989
571387 11648 129
571773 11693 3597
571833 10838 20727
571835 1768 16723
572175 1767 1696
572236 308 429
573309 1594 9071
573689 8658 8796
573784 10175 9223
573922 9527 140
574112 4928 12261
574447 560 1129
575281 2975 4460
575629 3748 6208
577370 103 12490
578212 444 5618
578432 244 4701
578676 8760 615
578915 18448 15014
579195 2542 12883
579857 647 2380
580371 4667 140
580513 3348 523
580946 2367 6068
581157 615 531
581485 20637 2479
582083 4628 16871
582134 9849 9717
583226 3178 293
583876 3408 5850
584054 3767 1939
584107 2939 11
584474 66 6622
585317 489 2006
585540 6170 2270
586295 1200 10854
586853 11076 2823
587342 2232 2842
587571 10511 5970
588065 941 4284
588454 1654 3104
588550 1280 16663
590562 866 2946
590855 7153 2742
591020 14080 5680
591477 17073 335
591668 1845 1768
591966 1251 2430
591980 1745 3901
592486 21635 2257
593414 301 186
594766 17850 9566
594870 9062 4741
595319 781 581
595463 501 12030
595932 1287 2632
595952 260 20110
596236 2644 9325
596369 9797 22392
597686 5820 13511
597968 2433 708
599410 10307 12788
599660 68 2805
600800 1934 1508
601341 1005 1975
601554 753 10400
601818 13244 7147
602268 9399 9169
602625 8893 15738
603390 14288 12458
603481 106 4363
603954 5081 2364
604409 3254 3901
604751 5796 14998
605139 615 7204
605356 16797 396
606426 1711 806
607765 21669 12338
610017 27312 12470
610176 990 6637
611013 12736 7296
611397 24683 9256
611563 743 6359
612101 166 14299
612305 5309 1021
612393 79 3636
612517 140 20324
612580 299 4402
612807 15296 1502
612840 444 9110
612954 10175 6545
612998 27 792
613101 4889 2934
614288 15704 278
615379 14781 2203
615389 848 17043
615807 961 5629
615953 2334 8340
616089 9906 61
616594 3631 25583
616780 9156 1176
617730 5127 7251
617784 2277 1780
617821 4416 3579
618163 436 3280
618794 4335 9668
618839 17495 1052
619239 5117 1806
619311 7075 3500
619716 6868 3634
619794 8482 18101
620000 3930 12493
621518 2210 8582
621674 16597 12599
621690 5422 17055
621733 11699 12914
621807 1992 120
622369 5514 451
622665 1776 614
623170 795 1075
623530 3522 8420
624734 5598 1962
624948 1280 5932
625374 842 6753
626624 17866 6552
627860 1003 14493
627939 23912 22173
628062 1763 2407
628933 3148 9096
629383 7620 1404
629644 5302 458
629678 5963 15125
630722 1277 44
630873 8763 6762
630879 4405 10568
632181 9746 7394
632261 5751 6166
632416 388 9139
634096 11442 140
634138 429 4971
634715 20015 2430
635028 6826 3813
635161 1302 63
635201 12430 299
635704 1654 2822
636227 9014 10721
636301 2298 795
636848 1801 18502
637255 2461 15919
637392 13480 103
637416 218 1107
638657 1658 5654
638779 970 6649
638976 1176 3320
639579 10074 106
639609 1033 787
639776 900 9440
640356 7729 75
640783 473 3569
640898 1756 1753
640994 749 5072
641577 9054 5224
642041 13526 2247
642559 7823 13160
642609 4372 6659
643164 6514 15736
643802 9318 7496
643953 2975 3288
644497 13029 7394
644795 13922 22243
647454 517 2560
647943 737 2568
648217 9158 122
648416 15507 2572
648704 17209 1942
650628 1354 1825
650821 8836 1961
650857 1107 10239
651141 316 17108
651275 3287 621
651740 11613 12632
652126 445 8178
652602 5897 5565
652880 35 2983
653241 4330 10
654534 4371 6865
654658 444 4467
655289 6182 2631
655433 166 10502
655507 2289 2197
656207 2568 21942
656739 1489 4029
657418 9760 7830
657814 3160 8603
657834 1840 4387
658507 5602 2120
658802 122 1000
659139 3636 8762
659440 5269 13727
659799 105 7880
660175 1801 3231
660217 14158 11499
660799 1780 1077
660843 4853 2938
660950 63 12049
662471 3186 473
662493 2534 321
662951 21890 5825
663063 7927 2059
663823 5096 11355
664457 10674 743
664462 5330 2162
665004 1422 5776
665351 538 38
665425 1831 8656
665610 5447 16635
665645 3569 1810
665986 1684 15439
665988 18478 2604
666419 3050 4923
666530 740 731
667126 3137 745
667320 7181 11376
667553 140 1164
667730 5225 7118
667867 795 4031
668455 11317 4349
668915 2362 5346
669252 106 11683
669285 1195 6785
669407 1502 1264
669411 15830 120
669432 2481 3570
669767 889 1613
669953 13061 10834
670755 4002 9790
671208 9756 16581
672398 217 258
672871 10829 13534
673639 10608 4310
673983 69 1975
674750 3890 1884
675124 14114 2350
675247 1890 1195
675640 9267 5170
675946 2019 7351
676049 2575 1224
676313 13837 6785
676924 13803 7010
677483 4086 869
678512 8478 22586
678548 30 4559
678865 965 3419
679002 1536 12197
680260 140 11243
680531 2186 7396
680981 7832 171
681544 24004 24003
682188 8649 9689
682275 12915 2788
683165 940 2617
683206 191 9244
683418 7002 1570
683656 2839 3678
684593 15032 6042
684923 2471 9518
685100 1643 1801
685686 1056 297
685804 1257 914
685844 9688 1957
685879 831 2694
686205 825 2340
688346 4779 10763
688505 8597 5969
688814 6377 298
689780 900 349
691436 5387 259
692301 2590 4645
692712 12989 12352
692880 10035 24025
693238 6224 323
693536 42 3592
693891 10891 5584
693992 63 212
694057 7127 110
694087 3020 3962
694940 182 13120
695137 13922 6123
695642 396 7496
696153 2627 12906
696549 7946 2887
696596 889 2842
696960 23141 8980
696977 24808 1388
697727 14083 10002
698499 3918 8112
698691 12240 153
698798 2124 7304
698913 7199 156
698963 2722 4646
699405 3481 2018
700516 842 9229
700545 5903 17539
701269 3726 327
701349 270 4224
701352 5112 7185
702173 11512 866
702570 3254 1126
703085 4332 952
703413 2208 1685
703579 1660 2736
704344 297 3904
704778 1777 10657
705187 3686 302
705430 8697 1321
705743 2530 12166
705966 12988 5077
707008 221 10364
708711 14846 5251
708844 278 7960
709271 16079 1768
710505 10597 9458
711702 6689 42
711807 5 2894
712796 2575 6814
713054 2235 1029
713121 4530 14290
713674 12801 10729
713784 5420 7220
713802 749 1771
714056 6275 567
714249 7764 4427
714728 1504 1074
714985 4564 9459
715001 16699 288
717390 5435 1963
717671 2163 426
718739 6646 8274
718784 105 3790
719721 4508 5051
720362 1154 15048
720487 22022 8537
721054 5576 63
721570 10034 8868
722755 1370 6124
722922 11758 936
724019 12599 26643
724402 1519 13937
724478 14244 1752
724805 122 14875
725183 5881 1083
726063 21341 3584
726844 213 12642
727151 17469 8592
727418 2868 266
728366 9829 9117
728594 8340 4341
728753 8105 745
729333 902 3522
729585 7485 1568
729745 10745 4761
730159 2756 5092
730806 10421 26920
731282 2075 276
731464 1096 2522
732240 6240 8197
732771 1806 16975
733030 4564 61
734589 660 1992
735255 1529 8803
736386 1146 729
736567 562 1569
736948 1786 9475
737426 3357 7437
738688 14529 6034
739016 4164 7486
739260 5692 7031
739595 5857 5281
739683 6742 3959
740705 10009 9744
740777 3786 8206
741145 13809 4525
741163 13002 292
741214 876 1598
741589 2759 2367
742140 4254 10147
743763 171 852
743814 7135 9244
744006 20314 2694
744063 41 12355
744197 4522 996
744373 14959 7131
744600 2335 9101
744625 2882 4254
744701 1757 2056
745210 1698 1709
745421 21286 445
745790 140 20161
745943 15242 12848
746402 1560 7626
746433 3936 660
746894 17223 40
747557 941 2553
747608 140 8346
747945 4608 277
748303 967 3185
749259 4094 4342
749559 2649 21730
749883 14106 154
750275 15790 8113
750339 4465 3394
750545 3282 4416
750733 3238 103
750982 19165 11725
751412 212 1463
751695 4502 6972
752408 3646 5411
753246 321 8669
754058 17014 10054
755036 15089 140
755420 1647 9405
755427 1433 4176
755486 4281 1211
755879 6163 687
756891 4888 1106
757576 6576 20055
758715 313 175
760065 23513 12976
761455 5234 4452
762176 9737 8890
762642 39 869
762797 2040 3790
763462 1183 13314
763937 12927 13055
763938 4022 7682
764738 3507 1704
765024 2433 1201
765432 16035 2210
765689 10075 146
765827 1704 6944
765986 20441 4445
766657 7025 7382
766858 581 3532
767394 9711 3706
767887 1839 8829
768353 9222 218
769016 1016 11688
770094 7185 416
770230 8288 13961
770368 1613 17099
770748 2300 3218
770780 1303 1974
770824 9137 7832
770907 7809 16387
770993 10225 7569
771267 3007 3995
771732 9309 2074
772244 3960 17628
773521 1519 13352
773877 63 4643
774006 1754 324
774438 7217 1776
774538 11656 63
774637 990 1704
776439 21890 3235
776944 9158 1217
777649 9727 4896
778431 390 2003
778485 2040 5054
778687 22605 5914
778999 5529 869
779196 7029 251
779286 2840 25096
779499 614 622
779731 2556 462
779742 15602 2948
780288 3595 5744
780372 120 3747
781650 10771 12989
781687 1208 2002
782747 22101 89
783465 2646 2294
784068 13523 1844
784334 1833 288
784891 501 9549
784907 14036 212
785525 5200 13741
785810 8868 11532
785816 3255 294
786188 6833 9447
787010 16814 1159
787140 1504 4303
787769 1514 1113
787771 23180 4254
787986 15850 5066
788143 23 5667
788211 9282 5783
788348 8175 1925
788616 17017 19927
788926 6675 13203
789720 1928 1979
790258 4058 61
791209 5246 3045
791322 373 19935
791862 261 13647
792411 12370 12887
792805 2300 7366
793063 12352 5017
793774 2842 1565
794380 2005 73
794461 5156 6093
795426 240 17130
795908 7984 10231
796194 17074 26776
796526 915 1923
798172 122 3493
798250 696 2922
798342 61 9493
798858 13542 1962
799086 8202 615
799251 1675 1964
799716 3039 4
799929 19821 5180
800855 4458 445
802500 6094 6043
802933 124 3367
803232 7766 7883
803446 6062 21890
803518 581 3567
804573 2165 181
805793 106 8833
806138 513 13246
806514 1560 3395
806595 804 7166
808129 1986 9136
808332 2309 8550
808390 6878 4059
808423 11240 12080
808477 22721 16053
808524 1675 15779
808610 10859 3885
808830 6132 9658
808892 1979 13212
809314 14665 4030
809433 5168 17
809641 2809 11868
810234 1019 6476
811185 14615 7770
811612 135 815
812753 5853 4004
812770 16822 26109
812971 1986 430
813360 12753 1512
813437 5417 13392
813509 9161 9058
814570 1631 25045
815251 6789 804
815598 11776 2774
815612 4192 2467
816156 8252 527
817395 2581 5487
817624 10980 10833
817931 1510 295
818087 7311 3112
818846 10653 3230
818944 3330 8551
819575 4770 3872
821045 5545 23924
821945 923 24327
822511 1512 1920
822647 2048 5096
822948 11637 8305
822984 6811 5469
823061 2217 1015
823069 1744 2714
823078 2934 6358
823259 13104 3521
823616 9595 5802
823754 217 11281
824071 7879 737
824115 1755 1160
824525 10932 3087
824581 7462 14689
824631 11418 692
824656 423 10300
824659 451 1788
825069 126 232
825459 951 25010
825545 157 21122
825586 8946 9748
826489 2905 3283
827160 5639 22169
828483 5607 1729
830067 396 6223
830104 21390 6756
830705 10933 4761
830770 2823 10507
830892 4559 2240
830895 6301 3030
831187 2217 921
831284 11614 3690
831534 17214 7011
832409 20669 2889
832776 19651 18577
833797 22734 285
834030 2162 2729
834110 184 895
834503 3269 3215
834669 523 1220
834747 4099 1626
835144 947 13658
835895 2493 10641
836165 3236 12179
837739 12471 212
837868 7153 6756
838543 1592 12008
839083 1909 5165
839615 9408 9207
840000 10426 7243
841639 4039 6186
841684 3836 2407
841732 2316 333
843967 9149 198
844086 13540 15887
844618 2686 1706
846249 3402 1927
846762 13777 122
847529 9897 61
847796 876 2644
847943 4974 5746
848587 1019 4197
848772 814 62
848776 2553 2662
848782 11419 6635
849843 4423 1942
849997 3015 589
850254 8222 566
850321 1031 4327
850441 12236 5103
850560 581 13250
850742 5204 7970
851615 12508 7300
851920 22610 5277
852490 5540 1123
852683 10692 1919
852896 2916 7759
852937 12304 63
853428 6066 4481
854261 10310 8510
855028 9726 18687
856230 3763 9519
856245 2930 2704
857019 7317 15222
857264 1404 6401
857582 1225 11866
858554 223 8772
858570 5133 15998
859720 2058 3775
860102 1169 1145
860244 11270 9852
860382 5933 1283
860630 1675 555
860774 16128 614
861253 9595 478
861369 2405 3555
861410 7572 30
861549 953 12001
861865 3065 1177
862144 2316 2075
862650 3567 14766
862667 5277 1489
862898 1456 1801
862998 7469 2742
863357 1543 4406
863683 2823 4030
864564 66 10162
864802 930 120
865279 4598 7358
865662 7137 2247
865934 6671 13467
866696 6667 1081
867912 120 9161
868079 365 3169
868419 1793 7262
868588 2712 21883
868703 22605 1927
869068 321 8279
869406 13363 6718
869683 4896 11155
870952 1536 21693
871198 4377 390
871317 17171 182
872097 6183 6992
872271 3108 5556
872392 2320 9321
872782 3109 3168
873455 63 8190
873793 30 642
874715 6941 4125
876503 463 87
876516 615 15126
876672 7339 12373
876691 1740 23
877572 10189 1543
877751 9746 1002
878206 7531 349
878361 4325 1937
878466 367 8252
878706 9318 9172
878906 212 7782
880477 2526 6833
881621 2317 3040
881745 8638 7169
881791 686 21278
882491 1992 6170
883260 6550 1957
883820 3179 2194
884783 2466 6948
885230 6921 15884
885854 2472 2149
886084 914 11191
887208 6468 1204
887622 15447 8430
889080 4382 2318
889654 18510 25053
890508 1810 883
892205 335 4208
892223 423 9622
892253 9055 1997
892608 13935 1881
892711 25827 2164
892766 17675 12680
893544 10182 10365
893580 6700 14117
893708 10 182
895092 7135 2537
896002 4929 13080
896078 25657 7113
896144 1043 7375
896344 15093 660
896538 2286 10535
897014 61 8008
897083 186 1563
897197 9674 13083
897401 863 2981
897774 6634 1701
897807 1963 19628
898844 6719 9081
898849 9174 8078
898886 14421 212
899227 7009 6833
899837 2381 922
899930 15860 378
900174 21687 21377
900364 8588 14726
900612 92 3323
901503 10980 7180
901978 338 4266
902257 1016 1756
902343 5252 7855
902637 3967 154
902667 1 344
902848 4135 13041
903640 23234 1496
903670 423 4345
903933 5 3580
903951 9226 14412
904013 301 17660
904246 248 1665
904605 1543 1269
904644 11471 4609
905665 13426 399
906006 3245 2823
906024 647 2712
906519 16187 1054
906544 6998 6034
906663 9820 4617
907000 7110 4030
907536 11929 5413
907616 6938 6034
907879 3789 9922
907974 7545 8981
908164 9202 16303
908796 3305 106
908826 5828 1674
910030 2058 13522
910369 3562 999
910414 3699 838
910754 576 25207
911071 8691 8298
911270 1744 7870
911281 2121 8341
911436 1780 1054
911452 785 208
912042 9924 1974
912878 389 4163
913127 11348 9660
913581 2262 4180
913654 2210 882
913739 1824 1451
913998 17051 2051
914760 1130 9247
915434 3550 15957
915648 63 1043
916315 1214 1
916504 1767 5380
917040 1625 11446
917569 477 4071
917886 436 21190
918383 9616 14083
918997 2731 1304
919303 2610 7512
919806 14251 1594
919819 3567 6030
919834 12671 2124
920813 2396 317
921023 7325 4518
921163 3638 15602
921300 5137 1812
921314 2737 12255
921496 24979 5132
921501 842 9172
922111 2924 2265
922480 19655 14519
922738 6661 3963
923339 7211 10247
923725 436 7546
924202 14388 112
924287 16758 11986
924349 2792 6977
924684 12946 122
924952 642 6028
925122 22245 190
925125 1097 2144
925130 14808 2822
926136 175 1673
926445 7725 2247
927364 10536 6358
927487 122 14202
927488 21269 14805
928325 1826 4071
929256 1756 26956
930275 4011 23924
931269 2371 343
932030 591 17203
932103 3819 8038
932322 2261 427
932718 6700 3492
933275 1745 11
934408 2077 11070
935662 995 206
935957 7429 119
936130 8206 15768
936333 20119 11700
937319 268 11196
937330 14506 3508
937860 4538 13376
938234 785 1661
938459 1555 122
938789 976 2164
938810 7555 2816
938813 3971 323
938937 1812 12365
939743 61 9752
940896 1765 1238
941516 21384 21309
942284 3769 8655
942556 292 11042
942598 17287 1955
942604 804 16842
943362 4209 3137
943682 258 3706
943822 542 15704
943964 3699 1360
944942 7119 14713
944949 261 3059
945230 8386 371
945973 5413 292
946703 4926 15808
946989 7110 10413
947168 4932 11268
947173 1036 2224
947310 11996 1097
947567 16018 8647
947913 3647 7508
948063 2480 1762
948339 3052 1833
948639 430 1494
949785 527 595
950425 3706 15773
950641 153 5540
951428 17995 1176
951596 12066 475
951892 299 1463
951934 6767 1789
952037 6637 1373
952113 15008 396
952617 1763 1098
953065 5383 827
953069 14620 1388
953169 5123 890
953344 2600 872
953353 15970 7561
953570 2742 4287
953869 122 9208
953909 9453 4342
953920 7049 567
954447 2164 5143
954480 5063 2244
954550 21268 6619
955059 6769 3556
955352 5371 4460
955533 5326 941
955599 9206 1089
955832 16055 5246
956047 6944 147
956293 14450 4266
956674 10685 2262
957790 1556 9199
958415 9962 11169
958741 1298 869
960252 122 4486
960668 8588 8343
961099 1767 76
961207 9113 4750
961635 6524 20779
961636 2270 164
961949 11125 6547
962130 952 1470
962351 6386 168
962579 9101 2732
962642 4276 619
962917 332 4447
962965 19840 603
962991 3678 11132
963328 277 22484
964958 22378 1441
965376 122 17418
966210 14134 4602
966362 16747 21180
966501 44 6671
966563 8878 3533
967161 2814 6981
967290 2124 4602
967315 26857 2496
968336 10912 5832
968663 3588 2676
969365 13008 360
970131 7802 5392
970393 17218 321
970457 1362 35
970856 2951 2364
971187 6581 9114
971322 4896 360
971962 1629 949
972161 4839 4276
972878 6814 16722
972930 991 1676
972996 20923 7830
973347 876 4929
973622 2296 15468
973840 4896 8588
975180 2573 149
975269 4468 10154
975523 3588 14200
976072 4031 13362
976532 885 3314
977100 23 5591
977244 2618 20227
977558 2746 6273
977737 1911 13496
978678 13632 15309
978723 26071 5297
979124 1606 1548
981021 11678 63
981088 695 3979
981107 9962 4550
981146 349 3971
981614 567 7248
982110 19351 140
982466 4656 3043
982655 4323 8252
982715 5287 3395
982972 1185 261
982982 21751 436
983069 2872 5459
983816 1194 2202
984508 140 1518
985453 261 2012
985757 277 1539
985849 12380 3146
986324 10681 9101
986457 17368 1074
986528 5369 5091
986935 4234 2395
987781 1074 8999
987795 16037 3873
987855 570 1050
988045 488 152
988136 1076 7341
988439 1458 8296
988839 2367 6824
989245 14333 1548
989601 1874 16088
989725 6975 1790
990937 103 2563
991059 324 15364
991556 198 2307
992191 11151 7042
992499 129 1019
993003 122 873
993209 232 7727
993270 24829 3466
994385 2722 1632
994848 4812 166
995967 861 963
996227 2563 3633
996406 1751 1838
996707 9437 15978
997510 9894 2842
997631 8094 2585
998191 30 546
998447 10668 7009
998595 9273 6906
998705 3891 1613
999073 2523 4007
999360 4243 356
999543 4 2723
1000689 5194 3127
1001227 14807 15196
1001349 1607 7544
1001681 1091 6383
1002447 6225 3070
1003011 1258 13156
1003088 15410 15185
1003690 3037 2920
1003741 7625 1742
1004165 2128 657
1004392 755 8210
1004638 12279 9352
1004819 11431 9633
1005091 589 6288
1005435 5063 2748
1005701 6147 13227
1007381 7265 41
1008114 17298 539
1008236 13316 4083
1008626 5681 6830
1009050 62 9056
1009730 436 2045
1010008 950 2823
1010240 12155 7480
1010493 2820 5914
1012293 935 2810
1014135 6742 6293
1014453 24289 1843
1014523 5732 12762
1014619 10196 9601
1015005 1457 4168
1016086 157 3039
1016165 9526 6787
1016355 15296 16307
1016471 9137 148
1017184 6858 140
1017497 6702 5203
1017939 6581 15697
1018077 103 3462
1018489 4266 1376
1018643 941 2884
1018671 8313 14486
1018823 3647 1840
1019118 8523 1745
1019676 2236 349
1020068 92 14575
1020334 5317 9226
1020776 4426 13349
1021582 7122 6072
1021903 4441 2742
1022132 5056 2040
1022520 1778 5
1023217 9722 10749
1023492 619 2597
1024104 5108 4522
1024486 1662 42
1024964 5277 2018
1025455 3376 9727
1025906 9428 4925
1026148 3599 13082
1026292 5862 2266
1026412 436 9677
1027311 9558 75
1027478 21287 22601
1027574 1683 13877
1028038 1871 7990
1028446 10272 349
1029134 7733 30
1029467 2203 2194
1029606 4695 16337
1029970 5444 360
1030350 1200 1988
1030402 949 304
1032059 5602 534
1032161 259 5532
1032284 2338 9101
1033497 1767 8971
1033690 12718 7185
1034020 1810 5373
1034181 2151 5203
1035391 11525 63
1036121 362 1128
1036183 1804 2061
1036453 3692 2220
1036455 2267 15069
1036879 11627 13082
1036914 25948 17163
1038646 3808 6954
1038696 3944 1760
1038790 2784 3954
1038923 7564 1128
1038939 2808 5963
1039097 8712 7722
1039200 2088 9139
1039272 1083 9373
1039497 5508 13084
1040366 2045 679
1040384 2714 1914
1041062 11060 3773
1041886 93 15969
1043077 5843 1315
1044002 15718 9277
1044554 1195 1530
1044590 2075 9612
1046070 4010 2138
1047934 5090 16887
1048013 686 203
1048878 3462 4322
1048997 106 2193
1049535 9431 20791
1049581 188 3647
1050030 2047 884
1050064 122 11145
1050441 4232 23320
1051115 2903 3801
1051316 2246 2677
1051637 27 6393
1052947 8551 198
1053334 10055 4099
1053530 18723 8252
1053640 5788 21306
1053980 24201 22578
1054189 10122 13250
1054236 4025 34
1054259 13319 159
1054310 5808 11237
1054632 20830 2472
1054719 12096 3776
1054757 5308 5423
1055273 2121 13678
1055469 7161 15230
1055674 3406 9480
1056085 7879 3138
1056458 7341 7208
1056872 1950 1678
1057543 2637 2642
1057565 9665 594
1057891 2407 2141
1058323 1176 15343
1058470 5993 5367
1058754 6601 1751
1060631 9527 2240
1060664 622 6388
1060696 1511 6108
1061996 615 14003
1062150 2223 911
1062389 15275 4750
1063250 3231 4775
1064274 18804 122
1064351 8052 15123
1065183 2859 994
1065495 5454 1049
1066726 18155 4609
1066967 8214 31
1067427 5999 14751
1068352 105 3184
1068960 15294 3254
1069085 2820 184
1070358 11087 10769
1070649 1419 2037
1071029 891 1
1071109 3929 1035
1071377 8601 5629
1071400 16004 18573
1071765 4628 11339
1071892 390 10034
1072624 9162 1099
1073694 2 416
1074069 3759 6036
1075334 3028 5257
1075548 1789 3255
1075993 5643 22601
1075994 1167 2165
1076385 8813 6698
1076477 2828 631
1076884 16905 5856
1077073 13777 433
1077268 12724 2324
1079515 428 299
1080113 2405 3814
1080637 10375 11613
1081334 4316 22122
1083237 12709 12342
1083798 3577 493
1084522 2900 338
1085240 1743 14281
1085729 2148 2617
1085916 1536 20
1086812 2744 2822
1087299 23108 13803
1087603 1909 2002
1088034 3365 4707
1088471 5419 2846
1089062 436 1893
1089271 3824 13550
1090085 9282 14299
1090294 18638 1103
1092427 3885 7336
1092518 15063 10259
1092538 784 1165
1092759 1771 3946
1093301 1669 2679
1093672 589 9034
1094579 953 8539
1094721 1112 1660
1094799 2346 22462
1095873 8724 127
1096295 778 3297
1096429 1508 1623
1097080 12592 965
1097117 9064 615
1097712 3178 7502
1097838 27 2434
1098283 1418 1990
1098799 27 433
1098831 2892 8738
1098969 840 14102
1099580 15324 1072
1099855 7581 13120
1100349 1568 1124
1101218 10908 9172
1101243 1176 8795
1103240 5385 13870
1103508 2334 567
1103719 6367 61
1103773 9868 321
1103961 14415 139
1104803 3706 17605
1104932 2061 455
1105212 8638 10826
1105458 17657 236
1105568 11130 122
1105649 789 1844
1106370 9129 8658
1107090 3910 6858
1107737 10206 7390
1108639 7469 11173
1108995 184 10467
1109275 6228 2405
1109856 4246 3189
1109936 4228 8353
1109988 146 10541
1110062 3218 8840
1110424 10900 14428
1110652 9223 1010
1111206 1577 6170
1111211 9215 36
1111292 368 6067
1113111 2350 5843
1113224 5191 2264
1113350 148 152
1113615 423 5409
1113879 2465 2437
1114071 16702 15917
1114392 5433 21
1114863 2805 6590
1116011 2771 949
1116044 1015 9821
1116382 9341 4337
1116753 2693 2048
1116963 10384 6762
1117232 1517 4266
1117493 8425 7752
1117617 542 5788
1118022 3354 4920
1118195 10564 5258
1118371 3112 2583
1119078 3528 8113
1119307 9588 9428
1119830 21836 217
1119938 815 5001
1120048 445 9700
1120305 2051 1115
1120351 615 10536
1120936 14236 10847
1122040 1837 15765
1122320 6151 3496
1122456 12642 1833
1122471 5289 5176
1122650 383 8678
1123368 122 5154
1125338 2983 301
1125391 9935 2210
1125428 2162 22986
1125568 7290 4441
1126259 5851 2292
1127045 4333 3979
1128026 2372 14257
1128095 2539 12169
1129173 3387 11091
1129471 1510 2075
1129790 2426 6163
1130013 921 12856
1131389 6637 1992
1131471 7585 8502
1131599 12753 4303
1131810 6511 7237
1132144 6659 4334
1132769 15286 3455
1132923 723 946
1132952 1804 4987
1133025 2232 2909
1133316 940 10356
1133678 89 22111
1133828 2450 2018
1134487 110 244
1134541 4246 10
1134630 2300 5419
1134830 6239 12680
1135329 8532 2396
1135489 602 523
1135761 5369 9254
1136282 1496 9323
1136412 8382 8621
1136435 2059 10632
1136980 10031 4367
1136987 152 14387
1138195 9801 10106
1138219 15660 10388
1138703 7184 2823
1138707 983 866
1138792 1615 13289
1140253 960 1241
1140356 321 2580
1140783 306 14533
1140790 17492 20232
1141309 679 1751
1141712 2912 8865
1143307 6904 198
1145190 261 9206
1145629 2291 24496
1146135 13205 3155
1146568 18196 9231
1147018 1377 567
1147643 9558 3925
1147718 707 20438
1148346 5865 1130
1148916 1098 1171
1148947 17815 10233
1149053 11397 2324
1149098 477 10148
1149605 4366 2266
1149958 674 12069
1150189 14469 1019
1151775 9662 2479
1152247 900 9740
1152799 5541 13270
1153246 2391 22595
1154577 14274 140
1154619 2600 14102
1154926 888 8341
1155168 14369 9740
1156907 4427 11677
1157408 7405 567
1158664 2141 317
1159375 5098 9264
1159428 42 2209
1159543 6472 968
1159661 9851 1519
1159692 6214 1126
1159837 1680 7693
1160000 1579 970
1160066 11735 13854
1160236 2379 6216
1160933 4727 3064
1161502 7262 3819
1162883 1461 10692
1163270 16842 12176
1163289 2514 2730
1163359 2392 2917
1163933 3844 299
1165393 10604 2820
1166252 9129 9747
1166392 1843 4203
1166582 9586 9277
1167274 15009 884
1167731 2215 3212
1168227 921 13551
1168753 1660 9558
1170140 22322 7465
1170504 3579 13200
1170583 7035 157
1170620 20994 2197
1171051 569 7031
1173158 2889 8185
1173435 1001 8841
1173752 369 553
1174335 4304 13774
1174862 1649 2545
1175503 307 9928
1175539 6979 1614
1175617 8654 942
1175826 4445 61
1177087 356 17897
1177432 2697 1575
1177841 2407 4870
1178332 1925 454
1179060 1422 362
1179470 1942 2964
1179687 5539 5206
1180290 3693 11382
1180322 539 8913
1180399 501 9866
1180792 7453 1639
1180846 4545 364
1181105 4701 7118
1182678 2346 232
1183634 1791 27
1184119 1149 3793
1184247 5148 1881
1184906 8752 246
1185116 1132 430
1185120 5749 16347
1185133 3078 45
1185319 6486 15014
1186352 41 14933
1186652 589 4800
1187146 2822 8649
1187442 182 2794
1187922 9704 952
1188128 3892 1160
1188407 13054 140
1188482 806 705
1188938 3223 5112
1189366 6663 6672
1189525 7202 858
1190030 9520 4426
1190392 2823 8263
1190756 4896 103
1191530 83 7481
1191548 2920 9016
1191649 17498 1756
1192547 182 16804
1192865 1648 36
1192879 1991 160
1192994 15128 4314
1192995 2128 324
1193498 10593 10751
1193688 12609 1874
1193854 5175 10036
1194050 244 2046
1195749 965 123
1196215 1346 9793
1196945 7304 198
1197091 1463 699
1197288 8411 21805
1197402 2663 4718
1197673 2622 2448
1198036 3376 2730
1199213 1843 14110
1199672 12058 2462
1199802 2553 7375
1200196 7802 3334
1200285 7547 30
1200447 1529 8290
1200739 5509 5434
1201034 2472 944
1201507 424 8115
1202093 1538 12603
1203113 8878 3288
1203264 13684 4590
1203308 4820 16711
1203555 8887 9700
1204341 4123 7105
1204473 3588 13966
1204532 1869 6479
1204540 436 1549
1204818 6166 2291
1204937 4448 14794
1205263 1436 4083
1205293 2261 2686
1206044 21444 1908
1207308 15097 621
1207458 2855 4711
1207708 10159 1000
1207828 1097 7022
1208216 5654 1957
1208657 4678 13
1208703 2061 3393
1208716 2348 2370
1209075 4137 13751
1209286 567 7526
1210164 1262 12724
1211772 17177 2518
1211807 6383 2597
1211811 3050 3887
1211869 4365 2018
1211938 9056 17137
1212378 8926 6741
1213294 2599 15025
1213773 7625 1002
1213926 1522 122
1214019 21338 166
1214049 68 7140
1214388 8110 7175
1214712 8520 5102
1215518 12741 16891
1216057 13406 4770
1216283 2181 2835
1216412 8519 1107
1216743 2837 2891
1217997 2698 4542
1218645 103 14689
1219736 8543 5158
1220420 9104 5180
1220560 4208 2393
1220623 2141 1225
1220700 1706 14530
1220771 18429 1018
1221207 1195 212
1221765 63 8226
1223047 388 1019
1223123 4334 11381
1223809 1771 6601
1224420 61 10208
1224836 1003 7745
1225527 836 3218
1225918 1577 89
1225998 11522 106
1226833 8280 1922
1227394 21851 2404
1227469 1613 4022
1227487 3702 793
1228649 7044 900
1229490 2951 19901
1230515 222 6203
1231217 3687 9902
1231257 2714 17180
1231407 2866 444
1232123 5818 1171
1232561 865 9055
1233174 7391 3112
1233781 9453 7043
1233901 16889 5808
1233994 1239 6030
1234091 9797 3991
1234166 12226 7262
1234276 82 444
1234410 7421 7530
1235711 6228 876
1236469 6995 1075
1236503 1777 567
1237491 4382 2348
1237759 12309 5096
1238363 506 1122
1238466 10029 10035
1239189 3475 10072
1239222 4960 11936
1239516 14826 122
1240782 9764 1388
1240900 6775 2332
1241079 365 9458
1241764 9400 9624
1242380 3584 5722
1242537 24 369
1243013 11532 9254
1243116 293 11767
1244063 10735 4332
1244313 2741 6486
1244491 2405 16442
1244804 17911 14615
1245048 3646 6263
1245651 8210 22766
1245655 2883 12912
1245910 7977 4586
1246565 2165 6151
1246721 2366 3825
1247068 543 1115
1247649 9401 445
1247829 10225 106
1247875 3112 302
1247910 6977 3753
1248108 4084 10115
1248500 10668 10354
1249103 13275 4939
1249548 1938 1
1250605 1270 120
1250772 4298 2279
1250875 13208 5904
1251137 5716 4140
1251956 4782 39
1251990 12197 611
1252118 6004 3622
1252126 12945 415
1253826 11669 1256
1254574 5371 6092
1254807 10219 61
1255050 9965 293
1256572 4183 10876
1257153 4041 12456
1258151 15558 122
1258358 7376 2697
1258530 8665 4564
1258626 2842 35
1258993 7968 12147
1259658 948 473
1260660 2291 8913
1261171 11818 3638
1261291 10227 6929
1261502 1807 4503
1261536 8390 3372
1261747 5611 4254
1262003 1767 876
1262353 1067 16559
1263805 7579 12588
1264033 24861 1801
1264132 2217 24151
1265444 30 2217
1265516 2746 1669
1265548 4939 16
1266771 5029 21890
1266794 947 14177
1267448 1789 1179
1267594 5316 4232
1267784 22337 338
1268106 8076 16023
1268671 2345 2924
1268679 1067 177
1269556 8910 6121
1270176 3585 5575
1270232 1751 119
1271553 5375 2823
1271775 1019 5095
1272026 2493 4299
1272304 768 3706
1272316 21180 5317
1272776 444 836
1273692 36 326
1273702 13362 8750
1274818 6059 1757
1275120 11170 13952
1275416 4096 9121
1275494 2939 9946
1276133 8201 17128
1276159 211 7185
1276215 16791 10191
1277101 7774 8433
1277509 261 5860
1277641 9836 4226
1279016 383 20131
1279652 2712 24059
1279739 5236 157
1280903 853 12163
1282313 1238 832
1282786 16069 1083
1283069 1776 11170
1283100 16811 22686
1283134 18438 4320
1283217 208 21220
1284148 2316 566
1284773 2648 2240
1285024 367 3559
1286788 7979 1642
1287889 127 10569
1288066 313 10604
1288304 2069 615
1288420 3856 9072
1288877 63 924
1289278 745 8252
1289617 2830 293
1289724 9009 5445
1290244 889 555
1290413 21289 5824
1290504 826 89
1291569 212 2916
1291998 12703 103
1292934 5127 66
1293344 1836 2220
1293467 4058 23925
1294191 144 7941
1294284 105 3625
1294695 4301 11254
1295161 971 436
1296090 1801 291
1296809 4386 325
1297033 2683 4542
1297070 14184 8252
1297119 190 804
1297448 13408 302
1298012 7617 2810
1298070 3310 7268
1298229 7185 2164
1298380 9965 154
1298385 12416 4358
1298987 10538 6181
1299082 6780 5520
1299406 2734 4
1299426 7412 1074
1299445 6072 30
1299869 3282 2562
1300687 2403 8210
1301294 244 4332
1301597 2467 424
1301890 2841 5203
1303441 16014 22796
1304568 4628 9006
1304653 396 12718
1305339 10139 1096
1305405 10901 523
1305658 9784 9558
1305700 122 10815
1305827 12055 4403
1306339 1613 1991
1306395 2708 9790
1306433 14672 1571
1306831 3706 12941
1307289 615 1550
1307344 1553 1382
1307433 33 695
1308912 535 14819
1309402 18405 1194
1310104 696 4228
1311798 1683 825
1311866 6011 10568
1312333 1894 6150
1312782 6718 279
1312832 5930 3403
1313186 9202 2141
1313249 3255 7412
1313940 7142 1608
1314018 1776 9413
1314090 23100 22173
1314775 4046 3786
1314976 10498 614
1315098 2461 3769
1315391 869 16504
1316378 7326 2065
1316410 10929 1097
1316424 1594 3012
1316502 9136 1962
1316517 9202 11040
1316708 3366 9023
1316997 608 15426
1317091 2543 17100
1317123 293 5584
1317161 9172 6637
1317205 810 1757
1317352 10947 1388
1317387 4882 2151
1317505 7031 11287
1318353 6896 10093
1318421 869 570
1318638 16843 122
1318641 14130 4633
1318966 5025 42
1319492 217 1987
1319730 26103 8279
1320385 16 4750
1320845 9242 36
1321691 2247 8379
1321832 3747 15430
1322321 3171 22
1322500 1751 6845
1323079 2305 2316
1323143 675 8178
1323286 2813 2461
1324355 6812 10208
1324576 2758 8810
1324934 2752 5445
1325187 5629 1000
1325741 23635 1930
1326207 21913 3620
1326279 1934 14647
1326425 122 10137
1326621 1195 6549
1327407 647 20637
1327595 3624 10584
1327774 14555 9257
1327846 122 4946
1328270 4293 3936
1328587 10215 1821
1328644 5077 9230
1328663 3718 9138
1331096 696 3387
1332356 10955 3116
1332840 3218 9836
1332862 2717 6896
1333035 31 2791
1333403 26879 1529
1333540 20117 436
1334382 9726 3654
1334482 13250 14918
1335346 154 9206
1336591 2434 3131
1337004 1699 11729
1337186 3005 1933
1337717 13189 2403
1338321 2296 8515
1338584 5307 4658
1338667 22601 21310
1338899 2187 2105
1338953 1622 3931
1339971 863 10480
1340325 2210 2333
1341392 3971 4220
1341750 3679 1290
1342367 6813 148
1342777 2384 243
1343087 1748 8374
1343545 5412 489
1344406 17782 4099
1344631 7890 4227
1345110 121 684
1345419 2568 301
1345523 1107 5484
1345874 10693 356
1346718 4254 19940
1347033 6985 21837
1347162 13511 1083
1347403 10528 10063
1348317 17502 1225
1348714 321 9227
1348798 4313 6603
1348895 9432 1738
1348950 2374 581
1349489 2239 869
1351823 4681 4390
1352036 2742 1219
1352712 5060 16055
1353503 22160 10052
1353920 6734 122
1354412 1114 7317
1354834 4987 14636
1354907 2633 4038
1355292 2621 2291
1356287 9519 459
1356330 1745 8374
1358211 2822 1167
1358538 1644 5572
1358874 12695 8324
1359214 146 2434
1359758 4768 3824
1359820 4099 4995
1360738 16904 122
1361625 9420 10146
1361815 4304 14083
1361892 3199 61
1362941 1961 12235
1362960 2514 1806
1364259 2390 11788
1365786 4564 1571
1366500 147 2595
1367842 628 2463
1367964 8095 5936
1367989 5812 23118
1369016 2130 10411
1369295 12986 4334
1370170 602 8933
1370226 4208 1813
1371333 6398 23600
1371635 2396 18197
1372267 1016 751
1372397 858 9323
1373047 8638 4643
1373125 5382 838
1373852 10865 2148
1373864 103 10449
1374271 5327 630
1375075 4403 4259
1375153 1577 1750
1375584 23903 804
1375682 103 528
1375793 302 9783
1375853 1266 249
1376051 1635 7095
1376700 4806 3637
1376785 2930 542
1376832 941 5824
1377082 7005 826
1377095 1020 5355
1377380 804 2893
1378529 21495 14939
1378577 22483 285
1378663 1767 10292
1378787 2419 1252
1379905 290 3716
1380039 6678 1813
1380527 1529 5224
1380549 12665 404
1380563 12848 4111
1380744 22612 21387
1380927 855 122
1381214 9976 1709
1381395 929 1422
1381819 9871 1577
1381981 4833 13380
1381997 7879 1156
1382322 17031 4620
1382623 9437 3699
1383420 291 2240
1383429 3312 5919
1383665 2656 3
1384352 7135 3474
1385332 9267 15654
1385418 6785 4734
1385673 9595 9631
1385760 1765 168
1386067 23 5206
1386469 10020 1806
1386611 619 9473
1386619 11328 62
1386965 15430 1176
1387002 2497 11022
1387011 9269 12072
1387042 4334 14907
1387185 10841 61
1388477 69 2585
1390324 8585 803
1390443 6816 616
1390960 7110 10431
1391257 12725 16148
1391489 1593 4
1391540 243 10147
1391685 7435 2903
1391885 3273 3858
1393474 35 4227
1394496 2390 3735
1394748 5643 5539
1394930 6923 30
1395046 1916 966
1395162 443 629
1395219 10511 5506
1395266 442 15328
1395691 6637 9841
1395933 14659 259
1396126 5744 4634
1396200 14065 2553
1396312 3016 889
1397342 454 415
1397692 4315 15837
1398999 5622 3961
1399603 1735 5509
1400010 4022 14251
1400863 122 17897
1400998 718 1564
1401770 9594 4619
1404250 130 9997
1404529 10 1154
1405423 675 14126
1405522 4234 15281
1406474 17 4488
1407114 12663 9532
1408286 73 3345
1409033 1122 2721
1409063 3706 14527
1409097 3760 4242
1409198 2061 2731
1409380 4254 2391
1409528 21132 5277
1410196 8335 14959
1410212 21961 2880
1410400 3484 629
1410446 2069 15429
1410452 23483 3559
1410608 8185 9519
1410883 9402 9362
1411073 679 11028
1411645 1457 16762
1413061 2097 4733
1413332 298 934
1413401 3357 9480
1413610 1839 3254
1413633 5844 106
1414793 13455 2501
1415124 3892 7581
1415540 259 8115
1415915 3022 5143
1416179 1839 4706
1417412 4332 980
1417435 129 6780
1417526 1280 20633
1417720 1431 941
1417880 15371 3636
1418398 6163 16961
1418653 7537 20446
1419037 2893 853
1420358 5115 3824
1420395 10341 7019
1421446 444 4943
1422647 2316 12894
1423186 561 4914
1423202 1308 2515
1423308 3144 261
1423725 31 42
1424647 14906 23104
1424864 6855 24536
1424876 1861 10968
1425087 232 17496
1425413 14889 20292
1425646 5198 21955
1425704 14112 1075
1425844 16014 4372
1426484 3236 24975
1427548 390 9408
1427682 15224 2168
1428712 7125 6231
1429073 714 404
1429210 2867 17135
1429498 10307 16424
1430323 1 1043
1430395 3138 127
1430744 9320 1176
1430857 11888 10603
1430906 15108 7085
1431047 5419 2018
1431360 7555 14184
1431439 8292 4081
1431660 2892 7050
1431662 7321 5845
1431990 4506 1499
1432058 4156 12896
1432349 20660 13226
1432882 5066 5999
1433451 11424 634
1433543 15884 1821
1433818 8994 5436
1434135 15669 9144
1434471 21902 7325
1434840 2855 13456
1435065 1093 924
1435152 17347 122
1436120 21327 5640
1436745 10240 777
1436886 14745 2950
1437276 44 1526
1437392 11289 7286
1437445 900 20020
1437475 5120 9726
1437705 1263 3011
1437724 1083 22995
1438795 3244 25817
1439119 173 773
1439293 261 8550
1439802 11316 62
1440639 7185 785
1440854 4467 3205
1440856 1529 13009
1441621 1082 3624
1441740 9183 2493
1442023 6655 1008
1442399 10171 230
1442575 3854 2556
1442700 1599 831
1443080 413 23576
1443623 3807 615
1444001 4739 176
1444514 9034 2687
1445219 2998 181
1446037 15890 2018
1446142 842 21737
1446353 12896 11713
1447416 1793 14778
1447935 146 4250
1448048 250 11978
1448296 14563 714
1449096 2129 4811
1449814 3730 7110
1450496 261 22223
1450696 11810 6508
1451553 4292 1975
1451718 122 19541
1452002 9753 1801
1452659 3819 2846
1452956 3940 1622
1454176 12 3761
1454477 14808 2694
1454528 17 424
1455059 1255 7006
1455093 1933 9452
1455178 2171 3309
1455190 9073 299
1455616 5209 4776
1455706 12471 2810
1455857 4 3420
1455881 812 833
1456826 16065 5865
1456918 314 5664
1457191 6760 1642
1457306 1379 6532
1457789 122 1304
1459170 2697 12544
1459441 3182 11040
1459573 1740 5983
1460762 12354 12464
1461276 2507 2436
1461595 12805 1306
1462809 3971 1242
1463149 4189 3249
1463550 1610 12412
1464195 3827 4552
1464331 589 220
1464406 2472 5209
1464842 6740 106
1465058 14555 567
1465653 221 4503
1465907 2296 7191
1466121 12046 983
1466805 2496 10855
1467051 6882 1913
1467321 10653 1944
1467547 1995 29
1467583 2683 3532
1467630 2350 4323
1467735 4248 4689
1467781 2241 1509
1467920 7857 233
1468555 2016 338
1468713 19663 122
1468722 14427 16431
1468953 66 3819
1468954 21174 23042
1468984 2078 8198
1469099 3640 19091
1469986 1463 10125
1470070 8904 2697
1470826 4233 5072
1470926 11118 17113
1472011 7182 1957
1472161 1687 2329
1472393 4352 11144
1473381 16201 8110
1473442 2367 15864
1473622 12403 8105
1473881 1613 5204
1474966 639 356
1475002 22365 5983
1475159 16863 321
1476474 226 3971
1476513 9532 8762
1476585 321 1120
1477105 10639 1538
1477118 1836 12763
1477250 9702 9668
1477279 7722 13034
1479360 15893 27685
1479396 240 3342
1479652 4620 2240
1479783 10572 2217
1479980 6844 3985
1480403 818 2939
1480517 23955 20467
1481204 9843 2736
1481562 324 4158
1481853 3218 18171
1481884 2556 5446
1481936 921 2702
1482208 177 3640
1482929 2547 10899
1484000 443 3244
1485105 4384 589
1486381 1508 14484
1486384 11102 622
1486651 298 11215
1487245 9526 1067
1488384 12050 2194
1488540 2018 7801
1488631 1481 3305
1488903 1945 952
1488914 6462 618
1488970 14839 19955
1489363 9837 6875
1489617 3964 4004
1489821 12700 2376
1490308 9161 9225
1491612 631 41
1492095 828 4962
1492244 17061 869
1492802 5881 1534
1492804 23085 14180
1493134 1860 15157
1493197 8589 14063
1493340 4215 8920
1493510 36 5450
1493649 247 396
1493729 581 8830
1494308 864 19988
1494561 547 5764
1494906 889 9174
1495347 2810 10382
1495433 436 10139
1496123 19468 17401
1497395 1388 4870
1497817 11872 9085
1498197 63 598
1498751 3178 14113
1499063 9676 960
1499251 969 2438
1499359 4313 9588
1500736 15378 716
1502097 2158 949
1502682 5176 5251
1503076 15473 4082
1503431 35 2194
1503884 2129 591
1503894 4223 6151
1504154 869 3579
1504603 5159 21032
1504842 10413 6624
1505076 831 3351
1506917 2846 14020
1507490 23189 41
1507564 1767 21779
1507624 2247 1895
1507762 7408 633
1508294 399 3490
1508328 129 1035
1508424 16162 6250
1508702 1840 1126
1509186 2374 10175
1509582 6224 13897
1510422 122 5218
1510555 3487 1062
1510939 297 14594
1511386 2644 4771
1511693 607 567
1513299 10371 6782
1513324 3706 9233
1513948 105 15312
1514590 7219 12592
1515041 11187 1969
1515132 12012 16204
1515686 16846 1212
1516085 6156 6202
1516701 4597 23297
1516762 2568 6785
1517385 1680 15555
1518087 2418 14219
1519300 1536 2820
1519544 2637 4830
1519718 11427 2671
1520416 20540 15714
1522322 19689 7890
1522781 1850 103
1523226 785 4828
1523479 5167 8617
1523541 9356 292
1523970 5422 4212
1523996 1117 1928
1524112 10744 12012
1524153 2105 8642
1524495 2188 466
1524988 605 20216
1525553 2015 13001
1525897 1823 1261
1526541 8255 55
1526832 1921 4870
1527174 230 79
1527182 1692 1972
1528006 1845 9974
1528174 1766 4940
1528357 9219 10335
1529324 3706 11997
1529765 1873 22734
1529884 7130 1227
1530055 1752 122
1530454 9118 17143
1530888 1992 9497
1531058 6448 4766
1532335 4482 17086
1532607 2192 11441
1532668 2139 1767
1532902 2588 1128
1533238 20839 20785
1533564 2917 2774
1533579 4352 5092
1534365 16402 6594
1534977 217 19502
1535657 10123 676
1535771 423 15739
1536426 2708 155
1536705 21262 939
1536842 14577 4697
1537456 17176 19067
1537897 19826 232
1538662 1999 9060
1539655 8277 5431
1539724 16580 9241
1539780 198 5970
1540958 9759 15815
1541218 1195 7336
1541606 4313 26291
1541640 23620 1280
1541724 3354 21084
1541731 372 3797
1542524 489 21724
1544085 7959 4022
1544168 869 12892
1544272 328 261
1544771 784 2182
1545082 1610 797
1545193 13897 23153
1545659 11020 4785
1547202 2251 6108
1547399 2820 2349
1547475 399 2045
1547542 4991 1999
1547962 4259 7545
1548380 614 8177
1548462 930 1776
1548647 14080 2217
1549952 13200 4880
1549958 1939 965
1550214 6798 4612
1550390 7448 3884
1551162 7697 217
1551759 6487 506
1551832 527 921
1551921 436 16013
1552324 11181 9071
1552467 15638 15436
1552656 2790 657
1553008 3683 8582
1553190 36 4350
1553370 5224 6183
1553388 12244 21049
1553657 7056 19793
1553868 20370 11433
1554008 1205 9285
1554212 5316 4189
1554402 1774 930
1554474 7571 1692
1555040 2381 9267
1555103 8983 11780
1556323 11908 240
1556477 16452 10767
1557662 3182 13322
1557718 1097 3578
1557930 1926 7469
1558424 4254 14993
1558741 5277 9102
1559231 6544 3699
1559372 6534 2085
1559381 396 2949
1560420 12982 804
1560663 6462 3760
1560704 10569 6067
1560969 1075 9195
1561101 2419 2010
1561633 4 3124
1561829 4914 11982
1562753 16945 2210
1562870 2404 2360
1563358 4427 14947
1563446 8719 743
1563683 11186 4293
1563892 20 5384
1564955 1955 6961
1565489 10546 324
1565889 4140 2820
1566069 12075 9306
1566151 1864 3584
1567352 3624 4586
1567853 2573 2688
1568210 1695 1328
1571423 14096 5428
1571697 1749 7031
1571731 6281 3852
1571760 4046 1168
1571814 5420 105
1571905 3542 1879
1572083 1704 7363
1573247 3979 2240
1573772 6963 30
1574156 3240 2329
1574430 5204 2931
1574509 2553 14020
1574857 4100 5518
1574974 866 1586
1575148 12414 3842
1575166 4386 15915
1575205 1793 2636
1575593 12585 7097
1575710 2131 7441
1575741 12156 9746
1575959 6833 1704
1576116 2128 10723
1576465 5524 4334
1576584 13299 7976
1577720 13256 5096
1578882 12792 122
1579600 865 2988
1579663 357 590
1579749 10250 14988
1580330 12234 4750
1580540 190 4419
1580619 66 3813
1580672 9463 165
1580767 6093 261
1581098 6127 7010
1581224 6542 42
1581255 3186 2896
1581374 6621 1798
1581735 15067 9845
1581938 430 2629
1582009 5026 4688
1582424 20110 171
1583033 2454 5886
1583063 4405 3598
1583872 1177 965
1584328 2 2538
1584619 3854 964
1584691 1176 7233
1585555 182 14543
1585821 740 8994
1586001 17351 14625
1586455 3468 2676
1586573 12440 182
1586911 1176 934
1586935 11066 1206
1586983 15513 6648
1587158 17044 3543
1587297 61 9461
1587393 7289 6271
1587667 423 17294
1588726 4777 2555
1589214 2593 4642
1590001 4697 4460
1590312 4122 8
1590693 4452 1176
1590808 3399 761
1590974 4303 1686
1591167 240 8887
1591433 11422 41
1591828 6850 7853
1591885 61 5760
1592399 6499 1099
1593188 1512 478
1593712 11347 13406
1593867 1858 12856
1593881 6254 1692
1593992 11176 191
1594083 3579 8780
1594817 7192 5318
1595262 14080 7002
1595799 6550 368
1597196 5579 5991
1597670 1099 721
1598323 12694 567
1598479 3334 2302
1598486 1723 891
1598793 8196 3844
1598979 8856 10555
1599391 684 14209
1599819 20879 1388
1600143 2572 16690
1600298 5904 5055
1601707 4522 9979
1601791 16723 1115
1602491 13976 10362
1603005 12897 9328
1603089 16035 239
1603152 14757 1178
1603643 4197 622
1604333 1167 7122
1604452 15246 1560
1604475 14899 2475
1605211 1178 5955
1605364 3679 2662
1606054 5629 19992
1606660 1806 10689
1608366 9668 17678
1609115 17732 6909
1609712 23148 26571
1610748 35 8761
1610945 2405 4506
1611301 1243 13250
1611489 4050 5446
1613155 4183 7690
1613325 9688 9877
1613437 952 889
1613438 349 6804
1614239 7663 14759
1614275 5532 3040
1614464 3603 13894
1614547 17690 4099
1614574 10929 6067
1615285 1719 1577
1616368 8760 2245
1616898 21843 4427
1617342 17366 950
1617522 7180 10603
1617569 783 1
1618036 6762 11041
1618386 5168 5808
1618474 6753 6238
1618537 416 402
1618679 7121 2508
1619256 9939 176
1620090 15445 3105
1621037 4327 17336
1623017 3376 11091
1623035 8758 6908
1623467 8376 3971
1623642 6981 9058
1624350 242 9277
1625221 11551 63
1627340 6790 11888
1627794 4523 3137
1627863 1704 8907
1628058 3944 14707
1628656 4430 3140
1629084 1874 5203
1629254 5719 8836
1629510 9458 1342
1629917 18700 11702
1630077 122 5452
1630094 774 417
1630558 4750 4334
1630925 14353 22030
1632112 22210 6273
1632304 2300 9595
1632386 7199 9948
1632520 9944 1754
1632606 6742 1080
1632987 5822 5565
1633069 11982 11208
1633829 15106 3385
1633907 9808 4426
1634089 4430 4634
1634212 21896 1519
1635599 647 6544
1635878 2475 4301
1636141 6193 2823
1637169 30 1202
1637754 1841 14522
1637966 6061 3218
1639152 14734 1500
1640050 10712 6935
1640147 1096 3155
1640317 4978 3742
1640859 12887 3468
1641178 2821 1146
1641424 8436 15626
1641999 10608 743
1642190 6767 2062
1642775 3112 863
1643693 2141 1016
1644008 6010 869
1644913 20252 912
1645769 3223 276
1645921 14604 445
1646263 17657 1280
1646454 23 5690
1647250 3636 466
1647510 2523 589
1647684 6667 14257
1647864 41 3490
1648253 12070 936
1648551 3953 61
1648644 2883 5282
1649174 7119 20347
1649547 743 1054
1649574 2823 2008
1649989 3403 3640
1650037 9777 293
1650642 26726 6129
1650827 4266 55
1651203 4666 1948
1651459 6464 2119
1652696 17842 590
1653066 62 4275
1654040 3584 5955
1654557 2722 1896
1654600 10773 6167
1654920 8587 9318
1655075 3255 3797
1655672 2566 1933
1656367 1182 1715
1656393 1519 4092
1656436 2114 9480
1656450 9570 13199
1657097 18219 10821
1658336 8285 3763
1658529 13189 417
1658968 8860 5859
1659116 12184 24109
1659513 23867 9571
1660261 19280 122
1660374 9775 6831
1661063 21002 1176
1661808 1833 5224
1661942 8068 1650
1662082 11047 14246
1662464 21687 20286
1662570 2820 323
1662875 2878 1583
1663348 563 947
1663460 8380 1576
1663613 63 12168
1663964 11391 10291
1664478 2687 4984
1664837 1663 3490
1665354 3714 261
1665560 2909 6163
1665881 314 6806
1666081 1964 3283
1666575 13988 13579
1667332 103 14582
1667506 14865 103
1667902 3607 42
1668303 5259 5637
1669767 6194 1738
1669931 6191 4987
1670013 2129 2663
1670107 17791 9113
1670110 12545 4099
1670111 1125 7535
1670248 6771 2214
1670852 2981 25132
1670961 997 10516
1671975 267 1388
1672226 3954 9615
1673068 10055 15729
1673826 8458 2097
1674354 10768 61
1675296 5368 5865
1675709 12795 1916
1676066 11003 2175
1676304 6834 1238
1676348 285 1160
1676349 3718 6930
1676414 1927 7564
1677114 17105 122
1677642 122 500
1677918 21673 23148
1679013 5723 5707
1680780 2562 3288
1681107 21287 5171
1681291 5411 6992
1685110 13169 26823
1685810 12990 7405
1686126 7394 356
1686267 15457 684
1686290 12734 4228
1686686 7502 1470
1687282 2300 13908
1687473 4423 9274
1687637 2693 921
1688803 6833 928
1689709 2014 226
1690328 1771 7412
1690366 2131 13068
1690813 1762 12905
1691456 15657 8635
1691643 7130 1431
1692566 6941 2895
1692629 2086 4530
1692631 5915 675
1693507 2493 9473
1693578 2329 1850
1693675 8358 595
1694300 1074 8833
1694436 17539 589
1695016 4199 13156
1695079 3237 2949
1696595 15824 6859
1697138 4266 7779
1698226 4259 13877
1699334 7795 890
1700073 10195 4376
1700102 5479 12943
1700504 6208 9316
1700911 9378 436
1700926 11223 976
1701562 952 6432
1701599 10055 14531
1701873 16088 1774
1702236 19372 3399
1702458 9260 4750
1702676 3137 10975
1702780 3706 1403
1704213 4853 6178
1704696 11596 8194
1704829 5159 3985
1704831 7340 4970
1704929 12616 656
1705019 714 5394
1705152 11466 436
1705257 2276 8770
1705640 344 11505
1705885 11888 8305
1706611 2795 2662
1707831 10565 3982
1708047 1942 15857
1708182 7166 6824
1708287 147 1662
1708908 4656 11720
1709708 1843 6043
1709746 1678 381
1709952 6173 5994
1710537 7029 4301
1710816 1067 12929
1711135 20167 4946
1712040 628 5930
1712866 122 1064
1713433 7482 8884
1713895 2166 463
1714205 22600 5639
1714835 122 2905
1714909 15617 122
1715958 2306 106
1716222 13978 10002
1716439 7026 10231
1717659 17458 11909
1717671 5547 795
1717680 11710 9595
1718566 1046 4418
1719464 4266 2016
1720216 3819 24771
1720329 226 10934
1720679 866 13632
1720780 792 4351
1721595 221 9566
1721683 2984 14667
1721779 755 13992
1722130 1 588
1722146 6768 13174
1722544 6611 6639
1723003 3223 3215
1723407 3694 408
1724404 10172 61
1724834 2059 6921
1726855 811 5085
1727609 707 6157
1727733 221 6906
1727986 1804 13178
1728427 8658 7034
1728839 949 4933
1730093 4564 9677
1730263 21075 2312
1730294 393 2246
1730603 13446 122
1730894 6767 9532
1731594 2173 2257
1732043 1060 13392
1732384 17244 909
1732802 50 6216
1732900 1098 2717
1733090 12920 252
1733303 8255 3692
1733804 308 373
1734676 767 63
1735371 7020 11881
1735768 12489 6229
1736706 7687 11332
1736839 2439 11908
1737724 6947 3334
1738011 3635 11058
1738134 863 332
1738265 1711 10297
1738420 2666 399
1738488 2501 4096
1738572 5513 9149
1739943 9959 869
1740780 4147 8959
1741157 3815 4391
1742080 2316 22104
1742736 13681 1008
1742815 21 665
1742908 23073 429
1743379 7766 2644
1743919 19936 4115
1744202 9137 1934
1744382 16439 1881
1744722 4052 4365
1745490 6677 12279
1745710 7251 7135
1745733 3229 952
1745851 876 389
1746190 1599 20063
1746283 3768 293
1747168 160 168
1748366 1570 4824
1748697 4276 2010
1749101 16 2151
1749222 811 3143
1749379 935 4203
1749611 9969 349
1749743 2298 14134
1749746 8919 12802
1750744 30 3540
1751370 9198 10826
1752182 825 5152
1752461 3244 3052
1752808 4071 16018
1753772 12433 6164
1753822 181 1928
1754602 16702 5793
1754863 14033 5832
1755320 611 3967
1755429 7625 11291
1756212 2017 466
1756299 183 9202
1758454 3646 9032
1759382 201 475
1759959 10849 4828
1760043 13986 13337
1760085 1577 7654
1765120 15873 2491
1765491 232 519
1766279 4298 9783
1766314 7853 232
1767780 4258 1096
1768218 9318 9584
1768537 11569 12584
1768728 5224 22444
1768901 7302 14713
1769103 6055 3074
1769134 13617 2542
1769244 10522 3572
1769448 367 2173
1769500 1159 15486
1769767 2317 30
1769775 21425 2163
1770540 17779 719
1770986 24 3178
1771257 17494 122
1771550 7051 1029
1771709 1164 2823
1771767 5785 3095
1771858 2265 3377
1772140 41 7879
1772174 7170 9192
1772282 811 7300
1772303 444 2948
1772547 13855 2444
1772937 1723 6780
1773147 7302 3236
1773872 629 7267
1774520 659 166
1774645 1178 2187
1775027 5315 1801
1775903 226 2188
1776176 5342 11623
1776285 630 501
1776496 3254 2194
1776773 581 8887
1777310 13374 16660
1777376 2197 6122
1777589 9674 7546
1777709 11708 538
1777786 9177 221
1778106 42 1848
1778270 3810 4654
1778273 7659 6641
1778326 15970 1315
1778897 5989 6193
1779094 5507 3189
1779906 1143 3998
1781418 1165 15845
1781547 10939 63
1781655 3325 21475
1782100 35 3762
1782357 21141 1392
1782589 16569 13673
1782969 24550 8571
1784892 3381 14196
1785411 9468 6909
1785587 6849 1683
1785594 555 6670
1785784 11170 2130
1785961 14096 1167
1788170 261 4920
1788211 19746 5761
1788512 1703 147
1788871 12797 3955
1789821 4049 12793
1789904 255 1180
1790306 6767 221
1790439 12765 4266
1790460 2216 13685
1790952 1374 13667
1791240 122 19430
1791454 8094 41
1791633 6951 4288
1792362 10339 152
1792717 13318 140
1793069 240 2228
1793529 3961 8199
1794025 61 10755
1794241 614 2139
1794553 866 16470
1794660 10671 5696
1795651 436 3013
1795863 127 9549
1795891 1937 858
1795900 8179 604
1796067 6555 675
1796110 2323 869
1796493 3235 6092
1796728 7346 14249
1799001 11269 11295
1799024 1781 4924
1799695 10729 7723
1801802 11182 8291
1802061 2717 2683
1804091 17105 7351
1804415 5615 4226
1804911 2138 436
1805010 1437 6169
1805601 7198 565
1806002 2820 157
1806032 11484 321
1806139 2717 4572
1806481 17183 10694
1806520 10457 4310
1806649 8836 5808
1807459 4298 9735
1808124 390 21209
1808516 16053 1704
1809006 2210 485
1809214 931 9902
1809419 2367 191
1809996 2126 2364
1810256 4463 2768
1810453 4711 1876
1811537 595 12561
1811646 10416 1113
1812546 5403 9668
1812896 6062 5251
1813182 16048 6568
1813287 4525 5262
1813321 756 983
1813669 13025 396
1814073 1899 21306
1814121 3276 9249
1814210 4301 218
1814415 34 2645
1816450 941 12779
1816526 7991 8347
1817007 6831 9767
1819073 8110 4987
1819211 103 15115
1819523 9508 2823
1819637 9149 2958
1820647 8065 5096
1820849 7213 11609
1821435 252 8667
1822125 367 3334
1822144 11927 16608
1822147 3387 9179
1822271 5675 4799
1822636 11106 15765
1823485 1536 2975
1823938 8354 842
1824487 1973 8089
1824626 12009 22234
1824901 9507 1577
1825504 2217 2171
1825915 13392 212
1826132 753 9668
1826381 9541 10514
1826919 1739 2061
1827066 8776 12435
1827925 9976 8234
1828064 5445 7403
1828380 2039 24827
1828796 463 745
1829335 4896 3777
1831218 9787 11689
1831780 17499 1192
1832140 2737 6228
1832817 11261 356
1833002 2648 4029
1833108 12873 390
1833299 10008 10470
1833449 121 2809
1833865 10069 428
1835074 3462 1176
1835184 6818 1511
1835442 7443 2050
1836793 342 1866
1836804 1280 572
1837404 4169 2175
1837663 156 6774
1838417 4447 749
1839330 708 7006
1839491 14726 212
1839494 1050 2697
1840127 404 7745
1840268 14126 246
1840313 324 16234
1840521 9282 44
1840756 6793 11829
1840979 30 923
1841208 15385 1178
1841375 5394 6981
1841543 323 1022
1842369 2320 2604
1843442 11918 6301
1843785 156 15260
1843849 11001 5158
1844189 2246 1166
1844702 2916 1997
1844775 399 1928
1844986 1159 9528
1845029 1704 14112
1846711 5384 8588
1848049 122 12311
1848147 6662 87
1849488 5911 22606
1850111 1605 299
1851224 9253 9201
1851910 11925 2909
1852108 7856 4082
1852348 16338 10754
1852412 19892 804
1852488 3819 3366
1853167 1831 13911
1854410 11961 15753
1854543 2292 11737
1854750 3985 12031
1855509 9050 1266
1856421 949 6849
1856524 4364 5730
1856708 16179 20883
1856807 2795 5384
1857027 7466 89
1857849 14681 11151
1858313 371 135
1858667 1706 43
1858985 4609 2433
1859227 7148 6816
1860056 2434 7157
1860087 232 1008
1860099 7432 447
1860328 22343 11136
1860726 7883 3289
1861237 4896 14522
1862245 10532 333
1862258 19049 20732
1862431 7607 2379
1862973 692 3975
1863532 16627 9252
1863883 4189 11041
1863974 6256 6538
1864079 8110 942
1864393 5783 41
1864715 313 7262
1865496 2364 428
1865696 2389 10815
1866531 3646 501
1868101 3174 15939
1868533 4081 3067
1868687 6945 7049
1869583 15513 11729
1869607 488 714
1869809 3005 3697
1870023 2355 13120
1870514 12891 2961
1871039 1178 1859
1871074 3318 1945
1871124 4430 1556
1871168 11452 1738
1871435 8088 14672
1873408 6940 1019
1873591 1783 12471
1873748 14414 235
1874133 8464 3352
1874666 10439 10002
1874913 19351 122
1875034 1003 14097
1877611 5 3618
1877745 13372 6824
1878601 1033 8979
1879109 12071 3231
1880665 9595 1753
1880992 2388 5906
1881620 3636 9677
1881720 12489 321
1881839 6651 1511
1882039 2609 302
1882600 12208 277
1882759 106 15712
1883184 11308 62
1883190 9880 61
1883857 15563 4618
1884085 2168 6482
1884697 1733 12959
1885083 2892 8901
1885093 2166 2615
1885321 13269 896
1885395 63 10303
1885875 356 382
1886300 140 20379
1886779 1648 1261
1887441 17529 21285
1888347 23671 2820
1888533 23083 876
1889178 3921 17212
1890226 12083 1099
1890739 2176 208
1891151 2841 1404
1891298 12793 4501
1891686 676 11790
1891760 2741 9640
1893090 2840 11893
1894037 19503 122
1894358 9595 7867
1894635 35 8412
1895216 11521 1745
1895963 5565 6077
1896341 12830 979
1896358 3083 995
1896800 11982 1122
1896997 5423 4914
1897258 41 7897
1897637 15395 6945
1897717 1693 4442
1898240 5060 3991
1898375 3171 2647
1898378 321 22656
1898904 1018 3178
1899885 4108 6039
1899971 120 15440
1900126 3346 983
1901135 2477 4853
1902090 5856 15203
1902891 3888 3916
1904711 319 2292
1904901 9515 14347
1905832 3970 15626
1906393 2390 3123
1907395 11 4406
1907586 6933 6312
1907724 16818 8315
1908102 21383 9267
1910541 7199 13212
1910564 8565 12902
1910614 1549 13212
1911527 9169 10052
1913058 166 3763
1913532 8201 4418
1913738 1954 5263
1914141 408 358
1914318 9744 166
1914567 3615 2309
1915143 3877 8803
1915545 869 4940
1915902 1072 988
1916212 7325 6981
1916710 7585 4229
1917002 2023 12577
1917541 9671 341
1918712 2724 1597
1918894 4896 22555
1919100 2563 4173
1919104 13206 20034
1919528 2496 21703
1919596 2306 4460
1921352 3955 41
1921747 14106 259
1921973 1560 7767
1922383 349 11788
1923435 1925 805
1923784 4332 13429
1925028 2128 10109
1925467 28 6370
1925795 3768 2948
1926042 745 6740
1926427 14329 15611
1926656 1649 9770
1927272 6114 8301
1928210 14134 6443
1930633 104 3050
1930844 4734 6387
1930883 1774 6042
1931999 1954 156
1932251 14546 9460
1932528 14469 11532
1932594 190 5096
1933025 16916 175
1933368 3706 21124
1933401 41 9793
1933840 10435 7974
1934440 77 1619
1934930 7325 4927
1935419 679 6093
1935569 6831 5168
1936665 8728 14324
1936887 13017 1422
1940198 1788 1530
1940234 11366 2309
1940370 9820 17581
1940459 10541 3186
1942702 1003 4368
1944312 503 426
1944754 3817 9179
1944806 1830 14134
1945287 5060 5790
1945534 122 9584
1945794 737 9202
1945903 6742 5955
1946183 1025 1631
1946229 61 3487
1946444 12408 3372
1946812 3333 5234
1947467 2284 3781
1947602 2600 3915
1947885 10297 118
1947907 876 75
1948296 4460 6776
1948967 759 940
1949262 383 395
1949575 1813 292
1949608 1015 292
1949744 1907 1716
1950221 14807 4104
1950266 2422 615
1950475 10580 120
1950610 1115 23242
1951689 8458 198
1951872 12812 4579
1952151 2163 1392
1952180 1560 7306
1952379 7 4089
1952487 15785 3072
1952541 2700 9726
1952754 4313 14175
1952909 1149 495
1953385 720 444
1953951 10852 8755
1954256 5941 567
1954388 2684 4313
1954567 12479 22078
1955101 619 13069
1955151 1171 1898
1955262 14088 2005
1956795 9452 292
1956870 3731 4092
1957372 4308 9475
1957994 18869 3906
1958103 1977 1966
1958202 11460 842
1958272 9626 4477
1959348 9595 3223
1959562 9309 2054
1959801 4074 2597
1959866 1049 427
1961489 1618 1674
1961915 2226 6765
1962145 2528 153
1963433 61 7375
1963451 4619 17637
1963544 21345 166
1963765 1 522
1964020 8917 6550
1964153 11912 324
1964208 13427 3581
1964664 261 9896
1965212 206 6981
1966294 323 1767
1966974 212 850
1967237 17500 2770
1967632 8983 12233
1967972 11876 14723
1968768 9786 23128
1969218 14780 13961
1969532 479 23736
1970892 212 4895
1971183 2052 12602
1971503 9180 10575
1971658 335 57
1971900 9746 806
1972689 1654 2690
1972776 548 2889
1972921 14631 4034
1972977 2455 751
1973514 7722 9447
1975262 13881 13347
1976537 2423 6636
1976690 10729 3190
1977751 459 415
1977764 2010 11186
1978181 4666 423
1978779 10845 18057
1978893 567 4392
1979149 3597 14711
1980224 2700 4388
1980627 20238 6908
1980952 4316 9137
1982303 5840 15289
1982682 120 8377
1982705 303 140
1982806 869 23985
1983449 1315 10458
1985353 589 4811
1985656 2449 157
1986064 22262 20785
1986413 2131 1787
1987326 2623 869
1987396 2811 4146
1987871 6930 1776
1988097 7300 136
1988223 6027 2905
1988435 1151 21651
1989766 1537 14620
1990478 11377 14672
1990823 9576 16204
1992373 4261 9964
1992432 4082 14310
1992737 2548 10498
1992771 10654 3624
1992848 5946 23
1993544 166 9244
1994228 2579 3244
1994312 1512 1704
1994987 18465 3915
1995960 2270 1706
1996460 7744 7701
1996699 1074 1942
1997423 2262 14465
1997567 8902 3601
1997953 2372 4727
1998000 1081 2948
1998182 12001 8065
1998622 13126 13250
1998805 10282 8112
1999069 12621 6811
1999269 1508 896
1999736 6504 23910
