1526 12867 22505
1848 22505 321
57073 2122 6350
57101 6350 27
57114 6350 40
57152 6350 78
57196 6350 122
57214 6350 140
57376 6350 302
57580 6350 506
57981 6350 907
58117 6350 1043
58179 6350 1105
58598 6350 1524
59339 6350 2265
59525 6350 2451
59630 6350 2556
59794 6350 2720
59804 6350 2730
60004 6350 2930
60084 6350 3010
60211 6350 3137
60373 6350 3299
60847 6350 3773
61673 6350 4599
61844 6350 4770
62249 6350 5175
62469 6350 5395
62766 6350 5692
63024 6350 5950
63221 6350 6147
63624 6350 6550
64993 6350 7919
65478 6350 8404
66340 6350 9266
66383 6350 9309
68143 6350 11069
69082 6350 12008
69084 6350 12010
70274 6350 13200
70375 6350 13301
71136 6350 14062
71239 6350 14165
73395 6350 16321
79284 6350 22210
79812 6350 22738
84831 2122 1
84843 2122 13
84846 2122 16
84857 2122 27
84860 2122 30
84865 2122 35
84871 2122 41
84887 2122 57
84891 2122 61
84892 2122 62
84893 2122 63
84898 2122 68
84912 2122 82
84933 2122 103
84936 2122 106
84938 2122 108
84943 2122 113
84949 2122 119
84951 2122 121
84952 2122 122
84958 2122 128
84962 2122 132
84965 2122 135
84976 2122 146
84979 2122 149
84982 2122 152
84983 2122 153
84984 2122 154
84987 2122 157
84990 2122 160
84993 2122 163
84995 2122 165
84996 2122 166
84997 2122 167
84998 2122 168
85021 2122 191
85042 2122 212
85070 2122 240
85079 2122 249
85083 2122 253
85108 2122 278
85151 2122 321
85159 2122 329
85168 2122 338
85179 2122 349
85184 2122 354
85198 2122 368
85199 2122 369
85200 2122 370
85202 2122 372
85217 2122 387
85219 2122 389
85226 2122 396
85228 2122 398
85229 2122 399
85234 2122 404
85260 2122 430
85266 2122 436
85271 2122 441
85274 2122 444
85282 2122 452
85297 2122 467
85311 2122 481
85327 2122 497
85330 2122 500
85334 2122 504
85356 2122 526
85375 2122 545
85376 2122 546
85386 2122 556
85397 2122 567
85409 2122 579
85411 2122 581
85418 2122 588
85419 2122 589
85420 2122 590
85429 2122 599
85435 2122 605
85445 2122 615
85452 2122 622
85454 2122 624
85462 2122 632
85476 2122 646
85499 2122 669
85509 2122 679
85514 2122 684
85521 2122 691
85526 2122 696
85532 2122 702
85544 2122 714
85581 2122 751
85582 2122 752
85583 2122 753
85621 2122 791
85634 2122 804
85641 2122 811
85659 2122 829
85666 2122 836
85695 2122 865
85699 2122 869
85706 2122 876
85709 2122 879
85719 2122 889
85746 2122 916
85751 2122 921
85754 2122 924
85764 2122 934
85766 2122 936
85772 2122 942
85775 2122 945
85776 2122 946
85777 2122 947
85778 2122 948
85779 2122 949
85782 2122 952
85790 2122 960
85794 2122 964
85799 2122 969
85818 2122 988
85819 2122 989
85831 2122 1001
85846 2122 1016
85863 2122 1033
85877 2122 1047
85890 2122 1060
85904 2122 1074
85910 2122 1080
85919 2122 1089
85932 2122 1102
85937 2122 1107
85947 2122 1117
85952 2122 1122
85954 2122 1124
85956 2122 1126
85969 2122 1139
85973 2122 1143
85989 2122 1159
86023 2122 1193
86028 2122 1198
86065 2122 1235
86068 2122 1238
86085 2122 1255
86088 2122 1258
86096 2122 1266
86110 2122 1280
86125 2122 1295
86145 2122 1315
86153 2122 1323
86162 2122 1332
86206 2122 1376
86230 2122 1400
86266 2122 1436
86282 2122 1452
86299 2122 1469
86324 2122 1494
86368 2122 1538
86372 2122 1542
86383 2122 1553
86400 2122 1570
86405 2122 1575
86415 2122 1585
86418 2122 1588
86429 2122 1599
86437 2122 1607
86439 2122 1609
86472 2122 1642
86481 2122 1651
86484 2122 1654
86493 2122 1663
86504 2122 1674
86520 2122 1690
86523 2122 1693
86545 2122 1715
86565 2122 1735
86566 2122 1736
86568 2122 1738
86569 2122 1739
86573 2122 1743
86579 2122 1749
86590 2122 1760
86595 2122 1765
86601 2122 1771
86619 2122 1789
86631 2122 1801
86634 2122 1804
86636 2122 1806
86645 2122 1815
86647 2122 1817
86657 2122 1827
86671 2122 1841
86672 2122 1842
86678 2122 1848
86690 2122 1860
86699 2122 1869
86705 2122 1875
86719 2122 1889
86742 2122 1912
86745 2122 1915
86755 2122 1925
86772 2122 1942
86787 2122 1957
86792 2122 1962
86799 2122 1969
86821 2122 1991
86842 2122 2012
86869 2122 2039
86871 2122 2041
86876 2122 2046
86891 2122 2061
86907 2122 2077
86908 2122 2078
86927 2122 2097
86948 2122 2118
86966 2122 2136
86993 2122 2163
87016 2122 2186
87018 2122 2188
87026 2122 2196
87051 2122 2221
87086 2122 2256
87121 2122 2291
87139 2122 2309
87146 2122 2316
87154 2122 2324
87165 2122 2335
87177 2122 2347
87195 2122 2365
87203 2122 2373
87206 2122 2376
87210 2122 2380
87218 2122 2388
87239 2122 2409
87246 2122 2416
87253 2122 2423
87264 2122 2434
87285 2122 2455
87290 2122 2460
87295 2122 2465
87302 2122 2472
87316 2122 2486
87344 2122 2514
87353 2122 2523
87362 2122 2532
87369 2122 2539
87372 2122 2542
87373 2122 2543
87375 2122 2545
87389 2122 2559
87430 2122 2600
87474 2122 2644
87476 2122 2646
87492 2122 2662
87529 2122 2699
87542 2122 2712
87544 2122 2714
87545 2122 2715
87562 2122 2732
87569 2122 2739
87572 2122 2742
87604 2122 2774
87629 2122 2799
87638 2122 2808
87650 2122 2820
87653 2122 2823
87663 2122 2833
87665 2122 2835
87675 2122 2845
87717 2122 2887
87719 2122 2889
87738 2122 2908
87760 2122 2930
87769 2122 2939
87778 2122 2948
87779 2122 2949
87826 2122 2996
87878 2122 3048
87880 2122 3050
87907 2122 3077
87942 2122 3112
87967 2122 3137
87988 2122 3158
88074 2122 3244
88078 2122 3248
88135 2122 3305
88141 2122 3311
88168 2122 3338
88196 2122 3366
88202 2122 3372
88212 2122 3382
88221 2122 3391
88224 2122 3394
88232 2122 3402
88412 2122 3582
88428 2122 3598
88484 2122 3654
88515 2122 3685
88520 2122 3690
88529 2122 3699
88536 2122 3706
88584 2122 3754
88599 2122 3769
88649 2122 3819
88756 2122 3926
88761 2122 3931
88767 2122 3937
88834 2122 4004
88876 2122 4046
88929 2122 4099
88934 2122 4104
88935 2122 4105
88946 2122 4116
88993 2122 4163
88996 2122 4166
89027 2122 4197
89083 2122 4253
89090 2122 4260
89091 2122 4261
89095 2122 4265
89102 2122 4272
89105 2122 4275
89140 2122 4310
89143 2122 4313
89155 2122 4325
89169 2122 4339
89170 2122 4340
89171 2122 4341
89196 2122 4366
89206 2122 4376
89216 2122 4386
89253 2122 4423
89294 2122 4464
89305 2122 4475
89377 2122 4547
89380 2122 4550
89414 2122 4584
89427 2122 4597
89433 2122 4603
89492 2122 4662
89515 2122 4685
89545 2122 4715
89595 2122 4765
89656 2122 4826
89725 2122 4895
89737 2122 4907
89775 2122 4945
89792 2122 4962
89805 2122 4975
89808 2122 4978
89821 2122 4991
89831 2122 5001
89896 2122 5066
89944 2122 5114
89947 2122 5117
89948 2122 5118
89962 2122 5132
90010 2122 5180
90041 2122 5211
90065 2122 5235
90085 2122 5255
90117 2122 5287
90132 2122 5302
90155 2122 5325
90252 2122 5422
90273 2122 5443
90320 2122 5490
90344 2122 5514
90362 2122 5532
90370 2122 5540
90379 2122 5549
90392 2122 5562
90580 2122 5750
90591 2122 5761
90612 2122 5782
90613 2122 5783
90761 2122 5931
90877 2122 6047
90899 2122 6069
90911 2122 6081
90912 2122 6082
90938 2122 6108
90951 2122 6121
90970 2122 6140
91105 2122 6275
91132 2122 6302
91161 2122 6331
91168 2122 6338
91285 2122 6455
91311 2122 6481
91362 2122 6532
91365 2122 6535
91367 2122 6537
91372 2122 6542
91406 2122 6576
91422 2122 6592
91425 2122 6595
91444 2122 6614
91465 2122 6635
91474 2122 6644
91490 2122 6660
91501 2122 6671
91577 2122 6747
91599 2122 6769
91644 2122 6814
91663 2122 6833
91664 2122 6834
91679 2122 6849
91787 2122 6957
91811 2122 6981
91822 2122 6992
91872 2122 7042
91946 2122 7116
91979 2122 7149
92035 2122 7205
92049 2122 7219
92055 2122 7225
92153 2122 7323
92159 2122 7329
92171 2122 7341
92194 2122 7364
92224 2122 7394
92226 2122 7396
92316 2122 7486
92415 2122 7585
92447 2122 7617
92530 2122 7700
92727 2122 7897
92744 2122 7914
92795 2122 7965
92797 2122 7967
92836 2122 8006
92858 2122 8028
92897 2122 8067
92944 2122 8114
92953 2122 8123
92977 2122 8147
93006 2122 8176
93007 2122 8177
93043 2122 8213
93126 2122 8296
93188 2122 8358
93272 2122 8442
93417 2122 8587
93451 2122 8621
93488 2122 8658
93574 2122 8744
93656 2122 8826
93671 2122 8841
93697 2122 8867
93716 2122 8886
93931 2122 9101
94134 2122 9304
94137 2122 9307
94157 2122 9327
94254 2122 9424
94290 2122 9460
94401 2122 9571
94486 2122 9656
94628 2122 9798
94679 2122 9849
94715 2122 9885
94733 2122 9903
94738 2122 9908
94765 2122 9935
94962 2122 10132
95009 2122 10179
95036 2122 10206
95088 2122 10258
95096 2122 10266
95138 2122 10308
95195 2122 10365
95250 2122 10420
95275 2122 10445
95280 2122 10450
95310 2122 10480
95371 2122 10541
95432 2122 10602
95453 2122 10623
95463 2122 10633
95641 2122 10811
95798 2122 10968
95871 2122 11041
95880 2122 11050
95899 2122 11069
95900 2122 11070
95955 2122 11125
96016 2122 11186
96146 2122 11316
96167 2122 11337
96296 2122 11466
96361 2122 11531
96483 2122 11653
96657 2122 11827
96847 2122 12017
96851 2122 12021
96856 2122 12026
97039 2122 12209
97091 2122 12261
97109 2122 12279
97147 2122 12317
97295 2122 12465
97539 2122 12709
97648 2122 12818
97803 2122 12973
97998 2122 13168
98074 2122 13244
98139 2122 13309
98143 2122 13313
98276 2122 13446
98484 2122 13654
98497 2122 13667
98570 2122 13740
98579 2122 13749
98671 2122 13841
98883 2122 14053
98906 2122 14076
98964 2122 14134
99069 2122 14239
99257 2122 14427
99514 2122 14684
99719 2122 14889
99724 2122 14894
99841 2122 15011
100239 2122 15409
100246 2122 15416
100507 2122 15677
100897 2122 16067
101242 2122 16412
101462 2122 16632
101627 2122 16797
102095 2122 17265
102469 2122 17639
102582 2122 17752
102646 2122 17816
103912 2122 19082
104461 2122 19631
104598 2122 19768
105463 2122 20633
105526 2122 20696
105894 2122 21064
106260 2122 21430
106964 2122 22134
107203 2122 22373
107668 2122 22838
109730 2122 24900
110289 2122 25459
110290 2122 25460
110291 2122 25461
113013 1034 592
113015 592 1
113044 592 30
113058 592 44
113075 592 61
113109 592 95
113117 592 103
113136 592 122
113148 592 134
113211 592 197
113276 592 262
113307 592 293
113316 592 302
113418 592 404
113427 592 413
113441 592 427
113442 592 428
113444 592 430
113450 592 436
113493 592 479
113603 592 589
113625 592 611
113706 592 692
113709 592 695
113784 592 770
113801 592 787
113990 592 976
113997 592 983
114086 592 1072
114237 592 1223
114400 592 1386
114485 592 1471
114577 592 1563
114608 592 1594
114639 592 1625
114683 592 1669
114781 592 1767
114818 592 1804
114832 592 1818
114888 592 1874
114920 592 1906
114922 592 1908
114924 592 1910
114978 592 1964
114999 592 1985
115076 592 2062
115099 592 2085
115119 592 2105
115169 592 2155
115223 592 2209
115275 592 2261
115305 592 2291
115334 592 2320
115365 592 2351
115378 592 2364
115529 592 2515
115674 592 2660
115704 592 2690
115823 592 2809
115848 592 2834
115864 592 2850
116033 592 3019
116110 592 3096
116122 592 3108
116128 592 3114
116290 592 3276
116316 592 3302
116373 592 3359
116422 592 3408
116516 592 3502
116588 592 3574
116796 592 3782
116812 592 3798
116907 592 3893
117098 592 4084
117114 592 4100
117121 592 4107
117196 592 4182
117227 592 4213
117380 592 4366
117850 592 4836
117943 592 4929
117976 592 4962
117989 592 4975
118028 592 5014
118172 592 5158
118218 592 5204
118267 592 5253
118302 592 5288
118434 592 5420
118523 592 5509
118546 592 5532
118705 592 5691
118917 592 5903
119366 592 6352
119511 592 6497
119782 592 6768
119995 592 6981
120125 592 7111
120149 592 7135
121296 592 8282
121338 592 8324
121988 592 8974
122349 592 9335
122407 592 9393
122970 592 9956
123569 592 10555
124112 592 11098
124380 592 11366
124396 592 11382
124558 592 11544
124565 592 11551
125446 592 12432
125890 592 12876
126170 592 13156
126420 592 13406
127537 592 14523
127867 592 14853
128007 592 14993
129484 592 16470
129835 592 16821
130579 592 17565
135123 592 22109
137458 592 24444
140771 1034 1
140775 1034 5
140786 1034 16
140800 1034 30
140805 1034 35
140811 1034 41
140812 1034 42
140830 1034 60
140831 1034 61
140833 1034 63
140847 1034 77
140865 1034 95
140876 1034 106
140890 1034 120
140892 1034 122
140898 1034 128
140901 1034 131
140917 1034 147
140936 1034 166
140940 1034 170
140978 1034 208
141002 1034 232
141020 1034 250
141038 1034 268
141063 1034 293
141067 1034 297
141087 1034 317
141101 1034 331
141129 1034 359
141141 1034 371
141171 1034 401
141178 1034 408
141184 1034 414
141187 1034 417
141188 1034 418
141239 1034 469
141248 1034 478
141249 1034 479
141251 1034 481
141289 1034 519
141317 1034 547
141327 1034 557
141331 1034 561
141336 1034 566
141340 1034 570
141342 1034 572
141352 1034 582
141366 1034 596
141381 1034 611
141384 1034 614
141385 1034 615
141392 1034 622
141412 1034 642
141417 1034 647
141427 1034 657
141464 1034 694
141465 1034 695
141537 1034 767
141540 1034 770
141545 1034 775
141555 1034 785
141592 1034 822
141628 1034 858
141639 1034 869
141666 1034 896
141677 1034 907
141690 1034 920
141691 1034 921
141722 1034 952
141723 1034 953
141738 1034 968
141748 1034 978
141758 1034 988
141772 1034 1002
141780 1034 1010
141792 1034 1022
141817 1034 1047
141845 1034 1075
141870 1034 1100
141887 1034 1117
141889 1034 1119
141910 1034 1140
141917 1034 1147
141921 1034 1151
141937 1034 1167
141948 1034 1178
141995 1034 1225
142042 1034 1272
142048 1034 1278
142085 1034 1315
142096 1034 1326
142129 1034 1359
142152 1034 1382
142172 1034 1402
142207 1034 1437
142250 1034 1480
142291 1034 1521
142308 1034 1538
142312 1034 1542
142323 1034 1553
142324 1034 1554
142342 1034 1572
142353 1034 1583
142364 1034 1594
142370 1034 1600
142379 1034 1609
142386 1034 1616
142387 1034 1617
142388 1034 1618
142389 1034 1619
142396 1034 1626
142414 1034 1644
142435 1034 1665
142436 1034 1666
142439 1034 1669
142445 1034 1675
142449 1034 1679
142471 1034 1701
142472 1034 1702
142474 1034 1704
142502 1034 1732
142541 1034 1771
142549 1034 1779
142561 1034 1791
142567 1034 1797
142571 1034 1801
142572 1034 1802
142576 1034 1806
142605 1034 1835
142607 1034 1837
142614 1034 1844
142644 1034 1874
142666 1034 1896
142685 1034 1915
142690 1034 1920
142710 1034 1940
142731 1034 1961
142750 1034 1980
142754 1034 1984
142756 1034 1986
142762 1034 1992
142764 1034 1994
142853 1034 2083
142857 1034 2087
142875 1034 2105
142891 1034 2121
142901 1034 2131
142911 1034 2141
142912 1034 2142
142917 1034 2147
142947 1034 2177
142958 1034 2188
142971 1034 2201
142981 1034 2211
143008 1034 2238
143010 1034 2240
143015 1034 2245
143026 1034 2256
143035 1034 2265
143048 1034 2278
143074 1034 2304
143100 1034 2330
143134 1034 2364
143155 1034 2385
143170 1034 2400
143200 1034 2430
143224 1034 2454
143232 1034 2462
143332 1034 2562
143401 1034 2631
143419 1034 2649
143420 1034 2650
143439 1034 2669
143441 1034 2671
143456 1034 2686
143467 1034 2697
143469 1034 2699
143483 1034 2713
143494 1034 2724
143500 1034 2730
143501 1034 2731
143503 1034 2733
143522 1034 2752
143570 1034 2800
143579 1034 2809
143600 1034 2830
143602 1034 2832
143629 1034 2859
143632 1034 2862
143635 1034 2865
143639 1034 2869
143662 1034 2892
143689 1034 2919
143752 1034 2982
143778 1034 3008
143789 1034 3019
143790 1034 3020
143795 1034 3025
143809 1034 3039
143819 1034 3049
143956 1034 3186
143979 1034 3209
144071 1034 3301
144075 1034 3305
144084 1034 3314
144106 1034 3336
144124 1034 3354
144127 1034 3357
144131 1034 3361
144232 1034 3462
144260 1034 3490
144267 1034 3497
144273 1034 3503
144285 1034 3515
144290 1034 3520
144371 1034 3601
144379 1034 3609
144385 1034 3615
144407 1034 3637
144416 1034 3646
144429 1034 3659
144537 1034 3767
144552 1034 3782
144557 1034 3787
144590 1034 3820
144596 1034 3826
144614 1034 3844
144701 1034 3931
144747 1034 3977
144816 1034 4046
144822 1034 4052
144926 1034 4156
144960 1034 4190
144972 1034 4202
145061 1034 4291
145087 1034 4317
145132 1034 4362
145170 1034 4400
145180 1034 4410
145191 1034 4421
145192 1034 4422
145217 1034 4447
145268 1034 4498
145270 1034 4500
145282 1034 4512
145306 1034 4536
145314 1034 4544
145324 1034 4554
145331 1034 4561
145383 1034 4613
145388 1034 4618
145400 1034 4630
145422 1034 4652
145540 1034 4770
145549 1034 4779
145578 1034 4808
145598 1034 4828
145610 1034 4840
145657 1034 4887
145684 1034 4914
145703 1034 4933
145711 1034 4941
145727 1034 4957
145751 1034 4981
145784 1034 5014
145905 1034 5135
145910 1034 5140
145973 1034 5203
146015 1034 5245
146278 1034 5508
146364 1034 5594
146488 1034 5718
146508 1034 5738
146534 1034 5764
146538 1034 5768
146569 1034 5799
146580 1034 5810
146651 1034 5881
146700 1034 5930
146703 1034 5933
146778 1034 6008
146809 1034 6039
146823 1034 6053
146839 1034 6069
146913 1034 6143
146922 1034 6152
147094 1034 6324
147111 1034 6341
147122 1034 6352
147125 1034 6355
147139 1034 6369
147223 1034 6453
147243 1034 6473
147251 1034 6481
147252 1034 6482
147269 1034 6499
147363 1034 6593
147417 1034 6647
147440 1034 6670
147510 1034 6740
147512 1034 6742
147530 1034 6760
147619 1034 6849
147660 1034 6890
147758 1034 6988
147821 1034 7051
147902 1034 7132
147925 1034 7155
147961 1034 7191
148043 1034 7273
148091 1034 7321
148110 1034 7340
148112 1034 7342
148125 1034 7355
148144 1034 7374
148227 1034 7457
148331 1034 7561
148393 1034 7623
148460 1034 7690
148654 1034 7884
148745 1034 7975
148760 1034 7990
148800 1034 8030
148817 1034 8047
148838 1034 8068
148932 1034 8162
149108 1034 8338
149146 1034 8376
149147 1034 8377
149191 1034 8421
149209 1034 8439
149212 1034 8442
149326 1034 8556
149352 1034 8582
149358 1034 8588
149380 1034 8610
149408 1034 8638
149427 1034 8657
149570 1034 8800
149664 1034 8894
149689 1034 8919
149699 1034 8929
149764 1034 8994
149766 1034 8996
149769 1034 8999
149804 1034 9034
149846 1034 9076
150027 1034 9257
150052 1034 9282
150079 1034 9309
150085 1034 9315
150265 1034 9495
150520 1034 9750
150674 1034 9904
150810 1034 10040
150997 1034 10227
151266 1034 10496
151294 1034 10524
151339 1034 10569
151902 1034 11132
151918 1034 11148
151966 1034 11196
152397 1034 11627
152514 1034 11744
152656 1034 11886
152665 1034 11895
152668 1034 11898
152726 1034 11956
152758 1034 11988
152797 1034 12027
152844 1034 12074
152852 1034 12082
152872 1034 12102
152945 1034 12175
153104 1034 12334
153141 1034 12371
153143 1034 12373
153233 1034 12463
153906 1034 13136
153960 1034 13190
154040 1034 13270
154059 1034 13289
154222 1034 13452
154287 1034 13517
154320 1034 13550
154457 1034 13687
154764 1034 13994
155081 1034 14311
155123 1034 14353
155511 1034 14741
155699 1034 14929
155729 1034 14959
155985 1034 15215
156230 1034 15460
156303 1034 15533
156468 1034 15698
156578 1034 15808
156625 1034 15855
156763 1034 15993
156785 1034 16015
156794 1034 16024
156990 1034 16220
157148 1034 16378
157772 1034 17002
157844 1034 17074
157933 1034 17163
157979 1034 17209
158133 1034 17363
158698 1034 17928
159037 1034 18267
160679 1034 19909
162423 1034 21653
162549 1034 21779
162673 1034 21903
163599 1034 22829
164879 1034 24109
