559 2119 261
560 261 1
561 261 106
568 261 686
572 261 1974
573 261 7394
582 261 1405
587 261 5394
590 2119 1
624 2119 106
1387 2119 5394
1944 2119 686
2204 2119 1974
2431 2119 7394
2666 2119 1405
4438 12416 11737
4439 11737 63
4440 11737 122
4477 11737 130
4480 11737 321
4533 12416 63
4538 12416 122
4591 12416 130
4598 12416 321
1002 261 63
1003 261 122
1005 261 321
1019 122 1
1021 63 106
1023 63 321
1024 63 686
1026 63 1974
1027 63 5394
1028 63 7394
1029 1 106
1031 1 130
1032 1 321
1033 1 686
1034 1 1405
1035 1 1974
1038 11737 106
1044 1 63
1045 122 106
1046 122 130
1047 122 321
1048 122 686
1049 122 1405
1050 122 1974
1051 122 5394
1052 122 7394
1054 106 321
1057 106 1974
1060 130 321
1065 130 7394
1066 321 686
1068 321 1974
1069 321 5394
1070 321 7394
1082 1 0
1095 0 2
1098 4 5
1106 12 13
1110 16 17
1122 28 29
1123 29 30
1124 30 31
1134 40 41
1136 42 43
1137 43 44
1155 61 62
1179 86 87
1188 95 96
1195 102 103
1197 104 105
1198 105 107
1218 127 128
1219 128 129
1220 129 131
1230 140 141
1236 146 147
1237 147 148
1242 152 153
1243 153 154
1246 156 157
1255 165 166
1257 167 168
1264 174 175
1271 181 182
1297 207 208
1301 211 212
1307 217 218
1321 231 232
1322 232 233
1329 239 240
1365 276 277
1411 323 324
1412 324 325
1437 349 350
1458 370 371
1483 395 396
1495 407 408
1498 410 411
1501 413 414
1514 426 427
1523 435 436
1524 436 437
1532 444 445
1546 458 459
1614 526 527
1654 566 567
1656 568 569
1676 588 589
1682 594 595
1702 614 615
1703 615 616
1705 617 618
1744 656 657
1762 674 675
1766 678 679
1778 691 692
1781 694 695
1783 696 697
1789 702 703
1806 719 720
1832 745 746
1838 751 752
1890 803 804
1955 868 869
1956 869 870
2021 934 935
2039 952 953
2052 965 966
2108 1021 1022
2161 1074 1075
2167 1080 1081
2184 1097 1098
2185 1098 1099
2189 1102 1103
2200 1113 1114
2202 1115 1116
2203 1116 1117
2204 1117 1118
2246 1159 1160
2288 1201 1202
2468 1381 1382
2494 1408 1409
2522 1436 1437
2549 1463 1464
2594 1508 1509
2605 1519 1520
2649 1563 1564
2656 1570 1571
2661 1575 1576
2702 1616 1617
2705 1619 1620
2728 1642 1643
2747 1661 1662
2759 1673 1674
2760 1674 1675
2797 1711 1712
2810 1724 1725
2831 1745 1746
2840 1754 1755
2853 1767 1768
2861 1775 1776
2862 1776 1777
2928 1842 1843
3024 1938 1939
3030 1944 1945
3031 1945 1946
3059 1973 1975
3144 2059 2060
3162 2077 2078
3176 2091 2092
3208 2124 2125
3246 2162 2163
3271 2187 2188
3290 2206 2207
3291 2207 2208
3335 2251 2252
3392 2308 2309
3393 2309 2310
3422 2338 2339
3430 2346 2347
3453 2369 2370
3488 2404 2405
3507 2423 2424
3516 2432 2433
3519 2435 2436
3545 2461 2462
3548 2464 2465
3558 2474 2475
3586 2502 2503
3605 2521 2522
3634 2550 2551
3656 2572 2573
3688 2604 2605
3748 2664 2665
3753 2669 2670
3760 2676 2677
3780 2696 2697
3781 2697 2698
3798 2714 2715
3814 2730 2731
3828 2744 2745
3859 2775 2776
3861 2777 2778
3893 2809 2810
3979 2895 2896
4033 2949 2950
4066 2982 2983
4067 2983 2984
4151 3067 3068
4221 3137 3138
4307 3223 3224
4456 3372 3373
4465 3381 3382
4575 3491 3492
4578 3494 3495
4687 3603 3604
4794 3710 3711
4833 3749 3750
4850 3766 3767
4885 3801 3802
5033 3949 3950
5169 4085 4086
5179 4095 4096
5312 4228 4229
5337 4253 4254
5343 4259 4260
5350 4266 4267
5370 4286 4287
5371 4287 4288
5387 4303 4304
5423 4339 4340
5435 4351 4352
5647 4563 4564
5785 4701 4702
5815 4731 4732
5834 4750 4751
6013 4929 4930
6016 4932 4933
6137 5053 5054
6138 5054 5055
6186 5102 5103
6188 5104 5105
6234 5150 5151
6250 5166 5167
6252 5168 5169
6254 5170 5171
6335 5251 5252
6342 5258 5259
6343 5259 5260
6353 5269 5270
6361 5277 5278
6362 5278 5279
6476 5392 5393
6484 5401 5402
6495 5412 5413
6511 5428 5429
6727 5644 5645
6732 5649 5650
6848 5765 5766
6873 5790 5791
6875 5792 5793
6878 5795 5796
6891 5808 5809
6902 5819 5820
6903 5820 5821
6907 5824 5825
7235 6152 6153
7272 6189 6190
7398 6315 6316
7418 6335 6336
7488 6405 6406
7542 6459 6460
7543 6460 6461
7582 6499 6500
7617 6534 6535
7627 6544 6545
7676 6593 6594
7806 6723 6724
7830 6747 6748
7844 6761 6762
7919 6836 6837
7921 6838 6839
7988 6905 6906
7989 6906 6907
7995 6912 6913
8012 6929 6930
8111 7028 7029
8168 7085 7086
8407 7324 7325
8428 7345 7346
8472 7389 7390
8479 7397 7398
8497 7415 7416
8539 7457 7458
8581 7499 7500
8605 7523 7524
8612 7530 7531
8634 7552 7553
8689 7607 7608
8713 7631 7632
8743 7661 7662
8837 7755 7756
8847 7765 7766
8848 7766 7767
8850 7768 7769
9055 7973 7974
9146 8064 8065
9184 8102 8103
9225 8143 8144
9235 8153 8154
9250 8168 8169
9260 8178 8179
9415 8333 8334
9418 8336 8337
9573 8491 8492
9655 8573 8574
9681 8599 8600
9698 8616 8617
9799 8717 8718
9885 8803 8804
9890 8808 8809
10056 8974 8975
10177 9095 9096
10274 9192 9193
10289 9207 9208
10320 9238 9239
10481 9399 9400
10544 9462 9463
10549 9467 9468
10602 9520 9521
10653 9571 9572
10676 9594 9595
10702 9620 9621
10749 9667 9668
10776 9694 9695
10955 9873 9874
11016 9934 9935
11168 10086 10087
11244 10162 10163
11312 10230 10231
11321 10239 10240
11387 10305 10306
11457 10375 10376
11492 10410 10411
11611 10529 10530
11616 10534 10535
11645 10563 10564
11819 10737 10738
11921 10839 10840
11960 10878 10879
11966 10884 10885
12010 10928 10929
12011 10929 10930
12049 10967 10968
12480 11398 11399
12565 11483 11484
12735 11653 11654
12882 11801 11802
12957 11876 11877
13219 12138 12139
13336 12255 12256
14107 13027 13028
14112 13032 13033
14467 13387 13388
14512 13432 13433
14690 13610 13611
14736 13656 13657
14881 13801 13802
14933 13853 13854
15056 13976 13977
15213 14133 14134
15447 14367 14368
15475 14395 14396
15792 14712 14713
15825 14745 14746
16014 14934 14935
16560 15480 15481
16796 15716 15717
17056 15976 15977
17118 16038 16039
17203 16123 16124
17286 16206 16207
17812 16732 16733
17826 16746 16747
17900 16820 16821
17903 16823 16824
17922 16842 16843
17924 16844 16845
17933 16853 16854
17945 16865 16866
17985 16905 16906
18109 17029 17030
18134 17054 17055
18196 17116 17117
18254 17174 17175
18268 17188 17189
18277 17197 17198
18285 17205 17206
18319 17239 17240
18418 17338 17339
18447 17367 17368
18506 17426 17427
18507 17427 17428
18606 17526 17527
18652 17572 17573
18671 17591 17592
18729 17649 17650
18742 17662 17663
18821 17741 17742
19040 17960 17961
19120 18040 18041
19224 18144 18145
19307 18227 18228
19432 18352 18353
19530 18450 18451
19658 18578 18579
20129 19049 19050
20252 19172 19173
20289 19209 19210
20560 19480 19481
21051 19971 19972
22028 20948 20949
22176 21096 21097
22192 21112 21113
22193 21113 21114
22249 21169 21170
22257 21177 21178
22335 21255 21256
22349 21269 21270
22364 21284 21285
22366 21286 21287
22391 21311 21312
22463 21383 21384
22530 21450 21451
22540 21460 21461
22578 21498 21499
22766 21686 21687
22788 21708 21709
22789 21709 21710
23249 22169 22170
23250 22170 22171
23253 22173 22174
23409 22329 22330
23659 22579 22580
23682 22602 22603
23685 22605 22606
23715 22635 22636
23799 22719 22720
23813 22733 22734
24079 22999 23000
24107 23027 23028
24446 23366 23367
24518 23438 23439
24614 23534 23535
24819 23739 23740
24917 23837 23838
25083 24003 24004
25692 24612 24613
25995 24915 24916
26098 25018 25019
26513 25433 25434
26549 25469 25470
26743 25663 25664
26748 25668 25669
26857 25777 25778
27003 25923 25924
27060 25980 25981
27094 26014 26015
27152 26072 26073
27154 26074 26075
27278 26198 26199
27400 26320 26321
27727 26647 26648
27728 26648 26649
28048 26968 26969
28052 26972 26973
28092 27012 27013
28093 27013 27014
28199 27119 27120
28218 27138 27139
28245 27165 27166
28295 27215 27216
28464 27384 27385
28585 27505 27506
28616 27536 27537
28621 27541 27542
28645 27565 27566
28652 27572 27573
28655 27575 27576
28676 27596 27597
28684 27604 27605
28740 27660 27661
28749 27669 27670
28758 27678 27679
28771 27691 27692
28773 27693 27694
28775 27695 27696
28786 27706 27707
28807 27727 27728
28817 27737 27738
28824 27744 27745
28827 27747 27748
28830 27750 27751
