0 0.01105530603
0 0.01105530603
100 0.01085596311
200 0.01073016477
300 0.01087188789
400 0.01075324143
500 0.01050121267
600 0.01024185662
700 0.01022904111
800 0.01002420157
900 0.01018217366
1000 0.00980416119
2000 0.00868654453
3000 0.00760215241
4000 0.00781063354
5000 0.00759520445
6000 0.00685467217
7000 0.00657172287
8000 0.00612017751
9000 0.00625076728
10000 0.00659202737
20000 0.00708770298
30000 0.00582812993
40000 0.00612566324
50000 0.00630079802
60000 0.00599382845
70000 0.00604667899
80000 0.00579472716
90000 0.00626579789
100000 0.00669199456
110000 0.00610493820
120000 0.00717160097
130000 0.00576673944
140000 0.00657399266
150000 0.00530660551
160000 0.00587657673
170000 0.00617607665
180000 0.00688181686
190000 0.00568732185
200000 0.00636161412
210000 0.00512418597
220000 0.00754345582
230000 0.00637142751
240000 0.00510293798
250000 0.00596978287
260000 0.00701847459
270000 0.00649833557
280000 0.00676299501
290000 0.00617096061
300000 0.00596299910
310000 0.00684147732
320000 0.00570883907
330000 0.00726251094
340000 0.00588855311
350000 0.00654419447
360000 0.00573497079
370000 0.00539221614
380000 0.00619993046
390000 0.00599149558
400000 0.00546089210
410000 0.00615458439
420000 0.00751447847
430000 0.00763614184
440000 0.00616800571
450000 0.00577496456
460000 0.00651371390
470000 0.00652166650
480000 0.00641799609
490000 0.00607608052
500000 0.00661151849
510000 0.00631422477
520000 0.00678174910
530000 0.00652714380
540000 0.00671744690
550000 0.00645169860
560000 0.00631844704
570000 0.00627875706
580000 0.00640421770
590000 0.00563910416
600000 0.00624709298
610000 0.00642470462
620000 0.00536925775
630000 0.00549219700
640000 0.00529411868
650000 0.00634446449
660000 0.00661245862
670000 0.00625251322
680000 0.00606092951
690000 0.00663262951
700000 0.00584589535
710000 0.00593846345
720000 0.00573141674
730000 0.00599327777
740000 0.00610389280
750000 0.00664526651
760000 0.00558721429
770000 0.00599815388
780000 0.00655118527
790000 0.00618806705
800000 0.00572567653
810000 0.00572840310
820000 0.00527001184
830000 0.00651756382
840000 0.00553634482
850000 0.00637028924
860000 0.00647055659
870000 0.00712837549
880000 0.00613284404
890000 0.00618116877
900000 0.00606653682
910000 0.00636570616
920000 0.00585892305
930000 0.00598319916
940000 0.00628669138
950000 0.00620188148
960000 0.00609640037
970000 0.00579401146
980000 0.00604348232
990000 0.00678990730
