0 1
0 2
0 3
0 4
0 5
0 6
0 7
0 8
0 9
0 10
0 11
12 13
14 15
14 16
14 17
14 18
14 19
14 20
14 21
14 22
14 23
14 24
14 25
14 26
14 27
14 28
14 29
14 30
14 31
14 32
14 33
14 34
14 35
14 36
14 37
14 38
14 39
14 40
14 41
14 42
14 43
14 44
14 45
14 46
14 47
14 48
14 49
14 50
14 51
52 53
54 55
54 56
54 57
54 58
54 59
54 60
54 61
54 62
54 63
54 64
65 66
67 68
67 69
70 71
70 72
70 73
70 74
75 76
75 77
75 78
75 79
75 80
81 82
81 83
84 85
84 86
84 87
84 88
84 89
84 90
84 91
84 92
84 93
84 94
95 96
95 97
95 98
99 100
99 101
102 103
102 104
105 106
105 107
105 108
109 110
109 111
109 112
109 113
109 114
109 115
109 116
109 117
109 118
109 119
109 120
109 121
109 122
109 123
109 24
109 124
109 125
109 126
109 127
109 128
109 129
109 130
109 131
109 132
109 133
109 134
109 135
109 136
109 137
109 138
109 94
109 64
109 139
109 140
109 141
109 142
109 143
109 144
145 146
145 147
145 148
145 149
145 150
145 151
145 152
153 154
153 155
156 157
158 159
158 160
158 161
158 162
158 163
158 164
158 165
158 166
158 167
168 169
168 170
168 171
168 172
168 173
168 174
168 175
168 176
168 177
168 178
168 179
168 180
168 181
168 182
168 183
168 184
168 185
186 86
186 187
186 188
186 189
186 190
186 191
186 192
186 193
186 194
186 195
186 196
186 197
186 198
186 199
186 200
186 201
186 202
186 203
186 204
186 205
186 206
186 207
186 208
186 209
186 163
186 210
186 211
186 212
186 213
186 214
186 215
186 216
186 217
186 218
186 219
186 220
186 221
186 222
186 223
186 224
186 94
186 225
186 226
186 227
186 152
186 228
186 229
186 230
186 231
186 232
186 233
186 234
186 235
236 237
238 239
238 240
238 241
238 242
238 243
244 15
244 245
244 87
244 246
244 247
244 248
244 249
244 250
244 251
244 252
244 253
244 254
244 255
244 256
244 257
244 258
244 259
244 260
244 261
262 263
262 264
262 265
262 266
262 267
262 268
262 248
262 269
262 270
262 271
262 272
262 273
262 274
262 275
262 276
262 277
262 278
262 279
262 280
262 281
262 282
262 283
262 284
262 285
262 286
262 287
262 288
262 289
290 291
292 293
292 294
292 21
292 190
292 191
292 295
292 296
292 297
292 298
292 299
292 300
292 201
292 301
292 302
292 303
292 304
292 163
292 305
292 306
292 307
292 223
292 308
292 309
292 310
292 311
292 312
292 154
292 313
314 315
316 317
316 318
316 319
316 320
321 322
321 323
321 324
325 326
325 327
325 328
325 329
325 330
325 331
332 333
332 334
332 335
332 336
332 337
332 338
332 339
332 340
341 342
169 343
169 344
169 345
169 346
169 347
169 348
169 349
169 350
169 351
169 352
169 353
169 354
169 62
169 355
169 282
169 356
169 357
169 358
169 359
169 360
169 361
169 362
363 364
363 365
363 366
367 368
367 369
367 370
367 371
367 372
367 21
367 346
367 373
367 374
367 180
367 375
367 376
367 377
367 378
367 379
380 103
381 382
381 383
381 384
381 385
381 386
387 388
389 390
389 196
389 391
389 392
389 393
389 394
389 395
389 79
389 396
368 397
368 398
368 399
368 400
368 401
368 402
368 93
368 403
382 404
382 405
382 21
382 406
382 407
382 123
382 59
382 408
382 175
382 409
382 33
382 410
382 411
382 412
382 413
382 414
415 416
415 417
415 418
415 419
415 420
415 175
415 421
415 422
415 423
415 424
415 425
415 426
415 427
415 313
415 185
428 429
428 430
428 431
428 76
428 432
428 433
428 434
428 435
428 436
428 437
438 439
438 440
438 441
438 417
438 442
438 443
438 444
438 445
438 23
438 446
438 447
438 448
438 449
438 450
438 90
438 451
438 452
438 453
438 454
438 455
438 456
438 457
438 458
438 459
438 460
438 461
438 462
438 463
464 444
464 450
465 466
465 467
465 468
465 469
465 470
471 472
471 187
471 160
471 473
471 474
471 475
471 476
471 313
471 477
471 478
479 480
479 481
482 483
482 276
482 484
482 485
486 487
486 488
486 489
490 491
492 493
492 494
492 495
492 496
492 497
492 498
492 499
492 500
492 501
492 175
492 502
492 177
492 503
492 504
492 505
492 506
492 507
492 508
