3312 3317 1.000000
3312 3318 1.000000
3312 3320 1.000000
3312 3326 1.000000
3317 3318 1.000000
3317 3320 1.000000
3317 3326 1.000000
3318 3320 1.000000
3318 3326 1.000000
3320 3326 1.000000
3330 3369 1.000000
3330 3372 1.000000
3332 5059 1.000000
3332 6296 1.000000
3332 6570 1.000000
3332 6605 1.000000
3332 6606 1.000000
3332 6607 1.000000
3332 6608 1.000000
3332 6610 1.000000
3340 5456 1.000000
3342 4135 1.000000
3342 4517 1.000000
3342 6868 1.000000
3343 3344 1.000000
3345 4295 1.000000
3345 5145 1.000000
3345 6433 1.000000
3345 6550 1.000000
3345 6552 1.000000
3369 3372 1.000000
3373 4644 1.000000
3381 4142 1.000000
3395 7213 1.000000
3400 3402 1.000000
3400 3409 1.000000
3402 3409 1.000000
3411 5327 1.000000
3413 3414 1.000000
3418 5676 1.000000
3466 6924 1.000000
3468 4594 1.000000
3468 7002 1.000000
3468 7076 1.000000
3473 3720 1.000000
3475 3476 1.000000
3485 3516 1.000000
3499 3662 1.000000
3499 4366 1.000000
3499 4892 1.000000
3499 5303 1.000000
3499 5454 1.000000
3499 5547 1.000000
3499 5548 1.000000
3499 5706 1.000000
3499 5840 1.000000
3499 6113 1.000000
3499 6114 1.000000
3499 6115 1.000000
3499 6116 1.000000
3499 6117 1.000000
3499 6118 1.000000
3499 6119 1.000000
3499 6120 1.000000
3499 6121 1.000000
3499 6122 1.000000
3499 6124 1.000000
3499 6126 1.000000
3499 6127 1.000000
3499 6128 1.000000
3499 6129 1.000000
3499 6131 1.000000
3499 6132 1.000000
3499 6133 1.000000
3499 6135 1.000000
3499 6137 1.000000
3499 6138 1.000000
3499 6140 1.000000
3499 6146 1.000000
3503 4054 1.000000
3503 6110 1.000000
3507 4487 1.000000
3507 5024 1.000000
3507 6178 1.000000
3519 4389 1.000000
3519 6864 1.000000
3519 6949 1.000000
3530 4512 1.000000
3530 4829 1.000000
3540 6787 1.000000
3540 7145 1.000000
3547 6206 1.000000
3549 3550 1.000000
3549 3551 1.000000
3549 3554 1.000000
3550 3551 1.000000
3550 3554 1.000000
3551 3554 1.000000
3557 6935 1.000000
3561 3562 1.000000
3561 3563 1.000000
3562 3563 1.000000
3577 5922 1.000000
3588 3590 1.000000
3588 3591 1.000000
3588 3592 1.000000
3588 3594 1.000000
3588 3595 1.000000
3588 3596 1.000000
3588 3597 1.000000
3588 3598 1.000000
3588 3605 1.000000
3588 3606 1.000000
3590 3591 1.000000
3590 3592 1.000000
3590 3594 1.000000
3590 3595 1.000000
3590 3596 1.000000
3590 3597 1.000000
3590 3598 1.000000
3590 3605 1.000000
3590 3606 1.000000
3591 3592 1.000000
3591 3594 1.000000
3591 3595 1.000000
3591 3596 1.000000
3591 3597 1.000000
3591 3598 1.000000
3591 3605 1.000000
3591 3606 1.000000
3592 3594 1.000000
3592 3595 1.000000
3592 3596 1.000000
3592 3597 1.000000
3592 3598 1.000000
3592 3605 1.000000
3592 3606 1.000000
3594 3595 1.000000
3594 3596 1.000000
3594 3597 1.000000
3594 3598 1.000000
3594 3605 1.000000
3594 3606 1.000000
3595 3596 1.000000
3595 3597 1.000000
3595 3598 1.000000
3595 3605 1.000000
3595 3606 1.000000
3596 3597 1.000000
3596 3598 1.000000
3596 3605 1.000000
3596 3606 1.000000
3597 3598 1.000000
3597 3605 1.000000
3597 3606 1.000000
3598 3605 1.000000
3598 3606 1.000000
3605 3606 1.000000
3644 3647 1.000000
3649 4415 1.000000
3649 4416 1.000000
3649 4417 1.000000
3649 4420 1.000000
3649 4422 1.000000
3662 4366 1.000000
3662 4892 1.000000
3662 5303 1.000000
3662 5454 1.000000
3662 5547 1.000000
3662 5548 1.000000
3662 5706 1.000000
3662 5840 1.000000
3662 6113 1.000000
3662 6114 1.000000
3662 6115 1.000000
3662 6116 1.000000
3662 6117 1.000000
3662 6118 1.000000
3662 6119 1.000000
3662 6120 1.000000
3662 6121 1.000000
3662 6122 1.000000
3662 6124 1.000000
3662 6126 1.000000
3662 6127 1.000000
3662 6128 1.000000
3662 6129 1.000000
3662 6131 1.000000
3662 6132 1.000000
3662 6133 1.000000
3662 6135 1.000000
3662 6137 1.000000
3662 6138 1.000000
3662 6140 1.000000
3662 6146 1.000000
3667 3669 1.000000
3690 6036 1.000000
3690 6572 1.000000
3690 7000 1.000000
3690 7159 1.000000
3690 7178 1.000000
3690 7179 1.000000
3691 3693 1.000000
3721 4283 1.000000
3721 5291 1.000000
3721 5295 1.000000
3721 5298 1.000000
3721 5299 1.000000
3721 5300 1.000000
3721 5302 1.000000
3721 5311 1.000000
3726 4664 1.000000
3726 4842 1.000000
3738 3739 1.000000
3762 3843 1.000000
3762 3845 1.000000
3762 3846 1.000000
3762 3849 1.000000
3767 3771 1.000000
3767 3774 1.000000
3771 3774 1.000000
3778 5040 1.000000
3793 5182 1.000000
3796 4165 1.000000
3796 4750 1.000000
3796 5178 1.000000
3796 5835 1.000000
3796 6347 1.000000
3796 6636 1.000000
3796 6698 1.000000
3796 6897 1.000000
3796 6900 1.000000
3796 6902 1.000000
3801 5651 1.000000
3828 4222 1.000000
3828 4812 1.000000
3842 4481 1.000000
3843 3845 1.000000
3843 3846 1.000000
3843 3849 1.000000
3845 3846 1.000000
3845 3849 1.000000
3846 3849 1.000000
3862 3863 1.000000
3862 3864 1.000000
3863 3864 1.000000
3880 3881 1.000000
3882 6740 1.000000
3906 5944 1.000000
3906 6931 1.000000
3906 6956 1.000000
3906 7109 1.000000
3906 7140 1.000000
3915 4818 1.000000
3915 5190 1.000000
3915 6289 1.000000
3915 6832 1.000000
3915 7004 1.000000
3915 7061 1.000000
3916 6338 1.000000
3916 6881 1.000000
3916 7079 1.000000
3917 5037 1.000000
3917 6390 1.000000
3922 5827 1.000000
3923 4605 1.000000
3923 5883 1.000000
3950 6474 1.000000
3950 6648 1.000000
3953 4690 1.000000
3953 5460 1.000000
3953 5955 1.000000
3953 6549 1.000000
3953 7128 1.000000
3953 7129 1.000000
3953 7130 1.000000
3955 5862 1.000000
3955 5863 1.000000
3955 5864 1.000000
3958 3959 1.000000
3958 3960 1.000000
3959 3960 1.000000
3964 3965 1.000000
3994 3995 1.000000
4001 4735 1.000000
4009 6052 1.000000
4009 6784 1.000000
4009 7014 1.000000
4012 5049 1.000000
4012 5050 1.000000
4013 5937 1.000000
4020 4021 1.000000
4024 6837 1.000000
4024 6838 1.000000
4026 5752 1.000000
4026 5753 1.000000
4026 5754 1.000000
4026 5755 1.000000
4026 5756 1.000000
4026 5757 1.000000
4026 5759 1.000000
4026 5760 1.000000
4026 5762 1.000000
4026 5764 1.000000
4026 5766 1.000000
4030 4223 1.000000
4030 5361 1.000000
4030 6543 1.000000
4038 5243 1.000000
4038 5434 1.000000
4043 4194 1.000000
4048 4779 1.000000
4048 6397 1.000000
4054 6110 1.000000
4057 4059 1.000000
4061 6575 1.000000
4061 6576 1.000000
4061 6577 1.000000
4074 4076 1.000000
4086 5488 1.000000
4086 6403 1.000000
4088 4092 1.000000
4088 4093 1.000000
4092 4093 1.000000
4102 4105 1.000000
4102 4106 1.000000
4102 4108 1.000000
4105 4106 1.000000
4105 4108 1.000000
4106 4108 1.000000
4111 5808 1.000000
4111 6363 1.000000
4111 6528 1.000000
4117 4242 1.000000
4122 6331 1.000000
4127 4868 1.000000
4127 5439 1.000000
4127 6265 1.000000
4127 6343 1.000000
4127 6345 1.000000
4127 6346 1.000000
4129 5194 1.000000
4129 5196 1.000000
4135 4517 1.000000
4135 6868 1.000000
4144 4153 1.000000
4144 5242 1.000000
4145 4602 1.000000
4153 5242 1.000000
4165 4750 1.000000
4165 5178 1.000000
4165 5835 1.000000
4165 6347 1.000000
4165 6636 1.000000
4165 6698 1.000000
4165 6897 1.000000
4165 6900 1.000000
4165 6902 1.000000
4170 5710 1.000000
4175 4691 1.000000
4175 4821 1.000000
4175 5053 1.000000
4181 6201 1.000000
4195 4905 1.000000
4195 6186 1.000000
4195 6830 1.000000
4217 4355 1.000000
4217 4360 1.000000
4222 4812 1.000000
4223 5361 1.000000
4223 6543 1.000000
4231 5356 1.000000
4231 5449 1.000000
4231 5714 1.000000
4231 6043 1.000000
4231 6293 1.000000
4231 6907 1.000000
4231 6908 1.000000
4231 6909 1.000000
4231 6910 1.000000
4231 6911 1.000000
4234 5530 1.000000
4239 5329 1.000000
4239 5596 1.000000
4239 5789 1.000000
4239 6071 1.000000
4239 6675 1.000000
4239 6774 1.000000
4239 7136 1.000000
4249 4956 1.000000
4265 4267 1.000000
4265 4270 1.000000
4265 4273 1.000000
4265 4275 1.000000
4265 4277 1.000000
4267 4270 1.000000
4267 4273 1.000000
4267 4275 1.000000
4267 4277 1.000000
4270 4273 1.000000
4270 4275 1.000000
4270 4277 1.000000
4273 4275 1.000000
4273 4277 1.000000
4275 4277 1.000000
4278 6078 1.000000
4278 7234 1.000000
4280 5469 1.000000
4283 5291 1.000000
4283 5295 1.000000
4283 5298 1.000000
4283 5299 1.000000
4283 5300 1.000000
4283 5302 1.000000
4283 5311 1.000000
4284 6812 1.000000
4286 4562 1.000000
4286 4565 1.000000
4286 4569 1.000000
4290 5825 1.000000
4295 5145 1.000000
4295 6433 1.000000
4295 6550 1.000000
4295 6552 1.000000
4312 5583 1.000000
4312 6317 1.000000
4321 6498 1.000000
4342 4344 1.000000
4348 4350 1.000000
4348 4364 1.000000
4350 4364 1.000000
4355 4360 1.000000
4366 4892 1.000000
4366 5303 1.000000
4366 5454 1.000000
4366 5547 1.000000
4366 5548 1.000000
4366 5706 1.000000
4366 5840 1.000000
4366 6113 1.000000
4366 6114 1.000000
4366 6115 1.000000
4366 6116 1.000000
4366 6117 1.000000
4366 6118 1.000000
4366 6119 1.000000
4366 6120 1.000000
4366 6121 1.000000
4366 6122 1.000000
4366 6124 1.000000
4366 6126 1.000000
4366 6127 1.000000
4366 6128 1.000000
4366 6129 1.000000
4366 6131 1.000000
4366 6132 1.000000
4366 6133 1.000000
4366 6135 1.000000
4366 6137 1.000000
4366 6138 1.000000
4366 6140 1.000000
4366 6146 1.000000
4389 6864 1.000000
4389 6949 1.000000
4392 4393 1.000000
4408 6717 1.000000
4415 4416 1.000000
4415 4417 1.000000
4415 4420 1.000000
4415 4422 1.000000
4416 4417 1.000000
4416 4420 1.000000
4416 4422 1.000000
4417 4420 1.000000
4417 4422 1.000000
4420 4422 1.000000
4427 6702 1.000000
4438 4625 1.000000
4449 4450 1.000000
4452 5612 1.000000
4452 5697 1.000000
4452 5995 1.000000
4452 6409 1.000000
4452 6749 1.000000
4452 6750 1.000000
4456 4906 1.000000
4456 5165 1.000000
4456 6018 1.000000
4456 7199 1.000000
4458 4764 1.000000
4458 7119 1.000000
4458 7158 1.000000
4461 4590 1.000000
4461 5217 1.000000
4461 6061 1.000000
4465 5013 1.000000
4465 5144 1.000000
4465 5508 1.000000
4465 6360 1.000000
4465 6361 1.000000
4465 6362 1.000000
4471 4472 1.000000
4476 4477 1.000000
4479 5593 1.000000
4479 5693 1.000000
4479 5695 1.000000
4487 5024 1.000000
4487 6178 1.000000
4489 5105 1.000000
4489 5431 1.000000
4489 6442 1.000000
4489 6510 1.000000
4489 6592 1.000000
4509 4511 1.000000
4512 4829 1.000000
4517 6868 1.000000
4518 4519 1.000000
4518 4520 1.000000
4518 4521 1.000000
4519 4520 1.000000
4519 4521 1.000000
4520 4521 1.000000
4536 5221 1.000000
4536 6458 1.000000
4536 6624 1.000000
4536 6626 1.000000
4537 4538 1.000000
4537 4541 1.000000
4537 4542 1.000000
4537 4544 1.000000
4538 4541 1.000000
4538 4542 1.000000
4538 4544 1.000000
4541 4542 1.000000
4541 4544 1.000000
4542 4544 1.000000
4548 5467 1.000000
4548 5557 1.000000
4548 5833 1.000000
4548 6215 1.000000
4555 5325 1.000000
4555 5736 1.000000
4555 5885 1.000000
4555 5979 1.000000
4555 5983 1.000000
4555 5984 1.000000
4555 5985 1.000000
4556 6567 1.000000
4558 6775 1.000000
4558 7036 1.000000
4558 7090 1.000000
4558 7218 1.000000
4559 4923 1.000000
4562 4565 1.000000
4562 4569 1.000000
4565 4569 1.000000
4570 6537 1.000000
4572 4573 1.000000
4579 6870 1.000000
4579 7139 1.000000
4580 4950 1.000000
4590 5217 1.000000
4590 6061 1.000000
4594 7002 1.000000
4594 7076 1.000000
4598 4599 1.000000
4605 5883 1.000000
4606 5017 1.000000
4606 5346 1.000000
4606 5540 1.000000
4606 6439 1.000000
4606 6544 1.000000
4606 7097 1.000000
4614 6430 1.000000
4616 5418 1.000000
4616 5419 1.000000
4618 4619 1.000000
4621 4622 1.000000
4634 5025 1.000000
4634 5028 1.000000
4634 5029 1.000000
4635 5680 1.000000
4647 4648 1.000000
4647 4654 1.000000
4648 4654 1.000000
4664 4842 1.000000
4665 6185 1.000000
4665 7235 1.000000
4684 4685 1.000000
4690 5460 1.000000
4690 5955 1.000000
4690 6549 1.000000
4690 7128 1.000000
4690 7129 1.000000
4690 7130 1.000000
4691 4821 1.000000
4691 5053 1.000000
4694 7053 1.000000
4696 4697 1.000000
4704 4705 1.000000
4704 4708 1.000000
4705 4708 1.000000
4710 6695 1.000000
4710 7086 1.000000
4710 7121 1.000000
4710 7233 1.000000
4713 6097 1.000000
4716 5520 1.000000
4716 7025 1.000000
4716 7026 1.000000
4743 4856 1.000000
4743 4860 1.000000
4743 4861 1.000000
4743 4864 1.000000
4743 4865 1.000000
4743 4867 1.000000
4750 5178 1.000000
4750 5835 1.000000
4750 6347 1.000000
4750 6636 1.000000
4750 6698 1.000000
4750 6897 1.000000
4750 6900 1.000000
4750 6902 1.000000
4751 5786 1.000000
4751 5787 1.000000
4763 4997 1.000000
4764 7119 1.000000
4764 7158 1.000000
4768 5809 1.000000
4769 5136 1.000000
4774 4920 1.000000
4774 4921 1.000000
4777 7194 1.000000
4777 7202 1.000000
4777 7231 1.000000
4779 6397 1.000000
4789 6323 1.000000
4797 6756 1.000000
4797 6757 1.000000
4802 4803 1.000000
4807 4808 1.000000
4807 4810 1.000000
4808 4810 1.000000
4818 5190 1.000000
4818 6289 1.000000
4818 6832 1.000000
4818 7004 1.000000
4818 7061 1.000000
4821 5053 1.000000
4836 6789 1.000000
4856 4860 1.000000
4856 4861 1.000000
4856 4864 1.000000
4856 4865 1.000000
4856 4867 1.000000
4860 4861 1.000000
4860 4864 1.000000
4860 4865 1.000000
4860 4867 1.000000
4861 4864 1.000000
4861 4865 1.000000
4861 4867 1.000000
4864 4865 1.000000
4864 4867 1.000000
4865 4867 1.000000
4868 5439 1.000000
4868 6265 1.000000
4868 6343 1.000000
4868 6345 1.000000
4868 6346 1.000000
4869 4871 1.000000
4876 7010 1.000000
4878 5203 1.000000
4881 6880 1.000000
4881 6977 1.000000
4885 4886 1.000000
4885 4889 1.000000
4886 4889 1.000000
4892 5303 1.000000
4892 5454 1.000000
4892 5547 1.000000
4892 5548 1.000000
4892 5706 1.000000
4892 5840 1.000000
4892 6113 1.000000
4892 6114 1.000000
4892 6115 1.000000
4892 6116 1.000000
4892 6117 1.000000
4892 6118 1.000000
4892 6119 1.000000
4892 6120 1.000000
4892 6121 1.000000
4892 6122 1.000000
4892 6124 1.000000
4892 6126 1.000000
4892 6127 1.000000
4892 6128 1.000000
4892 6129 1.000000
4892 6131 1.000000
4892 6132 1.000000
4892 6133 1.000000
4892 6135 1.000000
4892 6137 1.000000
4892 6138 1.000000
4892 6140 1.000000
4892 6146 1.000000
4905 6186 1.000000
4905 6830 1.000000
4906 5165 1.000000
4906 6018 1.000000
4906 7199 1.000000
4920 4921 1.000000
4925 4926 1.000000
4925 4931 1.000000
4925 4932 1.000000
4926 4931 1.000000
4926 4932 1.000000
4931 4932 1.000000
4934 5131 1.000000
4936 5359 1.000000
4936 5539 1.000000
4936 5604 1.000000
4936 5687 1.000000
4936 6241 1.000000
4936 6589 1.000000
4936 6862 1.000000
4936 6962 1.000000
4936 7091 1.000000
4936 7092 1.000000
4949 5228 1.000000
4949 5231 1.000000
4949 5237 1.000000
4975 6280 1.000000
5000 6861 1.000000
5006 5007 1.000000
5013 5144 1.000000
5013 5508 1.000000
5013 6360 1.000000
5013 6361 1.000000
5013 6362 1.000000
5017 5346 1.000000
5017 5540 1.000000
5017 6439 1.000000
5017 6544 1.000000
5017 7097 1.000000
5023 6525 1.000000
5024 6178 1.000000
5025 5028 1.000000
5025 5029 1.000000
5028 5029 1.000000
5037 6390 1.000000
5043 5044 1.000000
5049 5050 1.000000
5059 6296 1.000000
5059 6570 1.000000
5059 6605 1.000000
5059 6606 1.000000
5059 6607 1.000000
5059 6608 1.000000
5059 6610 1.000000
5068 5847 1.000000
5075 5807 1.000000
5075 6785 1.000000
5075 6984 1.000000
5076 5344 1.000000
5076 6435 1.000000
5076 6591 1.000000
5076 6804 1.000000
5081 6797 1.000000
5086 5087 1.000000
5089 5090 1.000000
5092 5095 1.000000
5105 5431 1.000000
5105 6442 1.000000
5105 6510 1.000000
5105 6592 1.000000
5111 5112 1.000000
5116 6460 1.000000
5116 6992 1.000000
5126 5919 1.000000
5128 6634 1.000000
5137 5139 1.000000
5144 5508 1.000000
5144 6360 1.000000
5144 6361 1.000000
5144 6362 1.000000
5145 6433 1.000000
5145 6550 1.000000
5145 6552 1.000000
5150 5546 1.000000
5150 6495 1.000000
5150 6818 1.000000
5150 6878 1.000000
5152 5155 1.000000
5165 6018 1.000000
5165 7199 1.000000
5178 5835 1.000000
5178 6347 1.000000
5178 6636 1.000000
5178 6698 1.000000
5178 6897 1.000000
5178 6900 1.000000
5178 6902 1.000000
5183 6087 1.000000
5190 6289 1.000000
5190 6832 1.000000
5190 7004 1.000000
5190 7061 1.000000
5194 5196 1.000000
5210 5211 1.000000
5217 6061 1.000000
5221 6458 1.000000
5221 6624 1.000000
5221 6626 1.000000
5222 5249 1.000000
5225 5532 1.000000
5225 5647 1.000000
5225 5649 1.000000
5226 5515 1.000000
5228 5231 1.000000
5228 5237 1.000000
5231 5237 1.000000
5243 5434 1.000000
5244 5246 1.000000
5259 6245 1.000000
5259 6611 1.000000
5259 6614 1.000000
5259 6616 1.000000
5259 6617 1.000000
5276 5924 1.000000
5276 6968 1.000000
5276 7197 1.000000
5279 5280 1.000000
5279 5284 1.000000
5280 5284 1.000000
5291 5295 1.000000
5291 5298 1.000000
5291 5299 1.000000
5291 5300 1.000000
5291 5302 1.000000
5291 5311 1.000000
5295 5298 1.000000
5295 5299 1.000000
5295 5300 1.000000
5295 5302 1.000000
5295 5311 1.000000
5298 5299 1.000000
5298 5300 1.000000
5298 5302 1.000000
5298 5311 1.000000
5299 5300 1.000000
5299 5302 1.000000
5299 5311 1.000000
5300 5302 1.000000
5300 5311 1.000000
5302 5311 1.000000
5303 5454 1.000000
5303 5547 1.000000
5303 5548 1.000000
5303 5706 1.000000
5303 5840 1.000000
5303 6113 1.000000
5303 6114 1.000000
5303 6115 1.000000
5303 6116 1.000000
5303 6117 1.000000
5303 6118 1.000000
5303 6119 1.000000
5303 6120 1.000000
5303 6121 1.000000
5303 6122 1.000000
5303 6124 1.000000
5303 6126 1.000000
5303 6127 1.000000
5303 6128 1.000000
5303 6129 1.000000
5303 6131 1.000000
5303 6132 1.000000
5303 6133 1.000000
5303 6135 1.000000
5303 6137 1.000000
5303 6138 1.000000
5303 6140 1.000000
5303 6146 1.000000
5319 6424 1.000000
5325 5736 1.000000
5325 5885 1.000000
5325 5979 1.000000
5325 5983 1.000000
5325 5984 1.000000
5325 5985 1.000000
5329 5596 1.000000
5329 5789 1.000000
5329 6071 1.000000
5329 6675 1.000000
5329 6774 1.000000
5329 7136 1.000000
5331 5332 1.000000
5331 5333 1.000000
5332 5333 1.000000
5344 6435 1.000000
5344 6591 1.000000
5344 6804 1.000000
5346 5540 1.000000
5346 6439 1.000000
5346 6544 1.000000
5346 7097 1.000000
5356 5449 1.000000
5356 5714 1.000000
5356 6043 1.000000
5356 6293 1.000000
5356 6907 1.000000
5356 6908 1.000000
5356 6909 1.000000
5356 6910 1.000000
5356 6911 1.000000
5359 5539 1.000000
5359 5604 1.000000
5359 5687 1.000000
5359 6241 1.000000
5359 6589 1.000000
5359 6862 1.000000
5359 6962 1.000000
5359 7091 1.000000
5359 7092 1.000000
5361 6543 1.000000
5368 5369 1.000000
5379 6941 1.000000
5408 5409 1.000000
5418 5419 1.000000
5431 6442 1.000000
5431 6510 1.000000
5431 6592 1.000000
5439 6265 1.000000
5439 6343 1.000000
5439 6345 1.000000
5439 6346 1.000000
5447 7123 1.000000
5448 5895 1.000000
5449 5714 1.000000
5449 6043 1.000000
5449 6293 1.000000
5449 6907 1.000000
5449 6908 1.000000
5449 6909 1.000000
5449 6910 1.000000
5449 6911 1.000000
5450 5479 1.000000
5450 7196 1.000000
5451 7080 1.000000
5451 7081 1.000000
5452 6754 1.000000
5454 5547 1.000000
5454 5548 1.000000
5454 5706 1.000000
5454 5840 1.000000
5454 6113 1.000000
5454 6114 1.000000
5454 6115 1.000000
5454 6116 1.000000
5454 6117 1.000000
5454 6118 1.000000
5454 6119 1.000000
5454 6120 1.000000
5454 6121 1.000000
5454 6122 1.000000
5454 6124 1.000000
5454 6126 1.000000
5454 6127 1.000000
5454 6128 1.000000
5454 6129 1.000000
5454 6131 1.000000
5454 6132 1.000000
5454 6133 1.000000
5454 6135 1.000000
5454 6137 1.000000
5454 6138 1.000000
5454 6140 1.000000
5454 6146 1.000000
5457 5458 1.000000
5459 6814 1.000000
5460 5955 1.000000
5460 6549 1.000000
5460 7128 1.000000
5460 7129 1.000000
5460 7130 1.000000
5461 7118 1.000000
5464 6621 1.000000
5467 5557 1.000000
5467 5833 1.000000
5467 6215 1.000000
5474 5475 1.000000
5479 7196 1.000000
5483 7015 1.000000
5487 6167 1.000000
5487 6402 1.000000
5487 6441 1.000000
5488 6403 1.000000
5506 6867 1.000000
5508 6360 1.000000
5508 6361 1.000000
5508 6362 1.000000
5513 5936 1.000000
5520 7025 1.000000
5520 7026 1.000000
5532 5647 1.000000
5532 5649 1.000000
5535 5536 1.000000
5537 6096 1.000000
5539 5604 1.000000
5539 5687 1.000000
5539 6241 1.000000
5539 6589 1.000000
5539 6862 1.000000
5539 6962 1.000000
5539 7091 1.000000
5539 7092 1.000000
5540 6439 1.000000
5540 6544 1.000000
5540 7097 1.000000
5543 6041 1.000000
5546 6495 1.000000
5546 6818 1.000000
5546 6878 1.000000
5547 5548 1.000000
5547 5706 1.000000
5547 5840 1.000000
5547 6113 1.000000
5547 6114 1.000000
5547 6115 1.000000
5547 6116 1.000000
5547 6117 1.000000
5547 6118 1.000000
5547 6119 1.000000
5547 6120 1.000000
5547 6121 1.000000
5547 6122 1.000000
5547 6124 1.000000
5547 6126 1.000000
5547 6127 1.000000
5547 6128 1.000000
5547 6129 1.000000
5547 6131 1.000000
5547 6132 1.000000
5547 6133 1.000000
5547 6135 1.000000
5547 6137 1.000000
5547 6138 1.000000
5547 6140 1.000000
5547 6146 1.000000
5548 5706 1.000000
5548 5840 1.000000
5548 6113 1.000000
5548 6114 1.000000
5548 6115 1.000000
5548 6116 1.000000
5548 6117 1.000000
5548 6118 1.000000
5548 6119 1.000000
5548 6120 1.000000
5548 6121 1.000000
5548 6122 1.000000
5548 6124 1.000000
5548 6126 1.000000
5548 6127 1.000000
5548 6128 1.000000
5548 6129 1.000000
5548 6131 1.000000
5548 6132 1.000000
5548 6133 1.000000
5548 6135 1.000000
5548 6137 1.000000
5548 6138 1.000000
5548 6140 1.000000
5548 6146 1.000000
5551 5552 1.000000
5557 5833 1.000000
5557 6215 1.000000
5558 7131 1.000000
5558 7170 1.000000
5560 6064 1.000000
5560 6873 1.000000
5562 5750 1.000000
5562 5751 1.000000
5583 6317 1.000000
5584 6233 1.000000
5586 6004 1.000000
5586 6919 1.000000
5586 7124 1.000000
5586 7227 1.000000
5588 5819 1.000000
5593 5693 1.000000
5593 5695 1.000000
5596 5789 1.000000
5596 6071 1.000000
5596 6675 1.000000
5596 6774 1.000000
5596 7136 1.000000
5597 6929 1.000000
5604 5687 1.000000
5604 6241 1.000000
5604 6589 1.000000
5604 6862 1.000000
5604 6962 1.000000
5604 7091 1.000000
5604 7092 1.000000
5606 6168 1.000000
5606 7045 1.000000
5606 7163 1.000000
5612 5697 1.000000
5612 5995 1.000000
5612 6409 1.000000
5612 6749 1.000000
5612 6750 1.000000
5618 6273 1.000000
5618 7193 1.000000
5618 7201 1.000000
5647 5649 1.000000
5658 6646 1.000000
5666 6069 1.000000
5679 5824 1.000000
5679 6806 1.000000
5679 6807 1.000000
5683 6948 1.000000
5687 6241 1.000000
5687 6589 1.000000
5687 6862 1.000000
5687 6962 1.000000
5687 7091 1.000000
5687 7092 1.000000
5689 5690 1.000000
5691 7003 1.000000
5693 5695 1.000000
5697 5995 1.000000
5697 6409 1.000000
5697 6749 1.000000
5697 6750 1.000000
5701 5702 1.000000
5704 6507 1.000000
5705 6565 1.000000
5706 5840 1.000000
5706 6113 1.000000
5706 6114 1.000000
5706 6115 1.000000
5706 6116 1.000000
5706 6117 1.000000
5706 6118 1.000000
5706 6119 1.000000
5706 6120 1.000000
5706 6121 1.000000
5706 6122 1.000000
5706 6124 1.000000
5706 6126 1.000000
5706 6127 1.000000
5706 6128 1.000000
5706 6129 1.000000
5706 6131 1.000000
5706 6132 1.000000
5706 6133 1.000000
5706 6135 1.000000
5706 6137 1.000000
5706 6138 1.000000
5706 6140 1.000000
5706 6146 1.000000
5709 7041 1.000000
5714 6043 1.000000
5714 6293 1.000000
5714 6907 1.000000
5714 6908 1.000000
5714 6909 1.000000
5714 6910 1.000000
5714 6911 1.000000
5715 6065 1.000000
5724 5971 1.000000
5724 6003 1.000000
5724 6033 1.000000
5724 6989 1.000000
5724 6990 1.000000
5735 7137 1.000000
5736 5885 1.000000
5736 5979 1.000000
5736 5983 1.000000
5736 5984 1.000000
5736 5985 1.000000
5741 6913 1.000000
5750 5751 1.000000
5752 5753 1.000000
5752 5754 1.000000
5752 5755 1.000000
5752 5756 1.000000
5752 5757 1.000000
5752 5759 1.000000
5752 5760 1.000000
5752 5762 1.000000
5752 5764 1.000000
5752 5766 1.000000
5753 5754 1.000000
5753 5755 1.000000
5753 5756 1.000000
5753 5757 1.000000
5753 5759 1.000000
5753 5760 1.000000
5753 5762 1.000000
5753 5764 1.000000
5753 5766 1.000000
5754 5755 1.000000
5754 5756 1.000000
5754 5757 1.000000
5754 5759 1.000000
5754 5760 1.000000
5754 5762 1.000000
5754 5764 1.000000
5754 5766 1.000000
5755 5756 1.000000
5755 5757 1.000000
5755 5759 1.000000
5755 5760 1.000000
5755 5762 1.000000
5755 5764 1.000000
5755 5766 1.000000
5756 5757 1.000000
5756 5759 1.000000
5756 5760 1.000000
5756 5762 1.000000
5756 5764 1.000000
5756 5766 1.000000
5757 5759 1.000000
5757 5760 1.000000
5757 5762 1.000000
5757 5764 1.000000
5757 5766 1.000000
5759 5760 1.000000
5759 5762 1.000000
5759 5764 1.000000
5759 5766 1.000000
5760 5762 1.000000
5760 5764 1.000000
5760 5766 1.000000
5762 5764 1.000000
5762 5766 1.000000
5764 5766 1.000000
5767 5769 1.000000
5768 6223 1.000000
5768 7057 1.000000
5775 5776 1.000000
5786 5787 1.000000
5789 6071 1.000000
5789 6675 1.000000
5789 6774 1.000000
5789 7136 1.000000
5797 6940 1.000000
5807 6785 1.000000
5807 6984 1.000000
5808 6363 1.000000
5808 6528 1.000000
5810 6059 1.000000
5817 6622 1.000000
5822 5823 1.000000
5824 6806 1.000000
5824 6807 1.000000
5833 6215 1.000000
5835 6347 1.000000
5835 6636 1.000000
5835 6698 1.000000
5835 6897 1.000000
5835 6900 1.000000
5835 6902 1.000000
5838 6191 1.000000
5838 6192 1.000000
5840 6113 1.000000
5840 6114 1.000000
5840 6115 1.000000
5840 6116 1.000000
5840 6117 1.000000
5840 6118 1.000000
5840 6119 1.000000
5840 6120 1.000000
5840 6121 1.000000
5840 6122 1.000000
5840 6124 1.000000
5840 6126 1.000000
5840 6127 1.000000
5840 6128 1.000000
5840 6129 1.000000
5840 6131 1.000000
5840 6132 1.000000
5840 6133 1.000000
5840 6135 1.000000
5840 6137 1.000000
5840 6138 1.000000
5840 6140 1.000000
5840 6146 1.000000
5854 5855 1.000000
5854 5857 1.000000
5854 5858 1.000000
5854 5859 1.000000
5855 5857 1.000000
5855 5858 1.000000
5855 5859 1.000000
5857 5858 1.000000
5857 5859 1.000000
5858 5859 1.000000
5862 5863 1.000000
5862 5864 1.000000
5863 5864 1.000000
5885 5979 1.000000
5885 5983 1.000000
5885 5984 1.000000
5885 5985 1.000000
5886 6893 1.000000
5906 6745 1.000000
5916 6418 1.000000
5916 7134 1.000000
5917 7066 1.000000
5924 6968 1.000000
5924 7197 1.000000
5944 6931 1.000000
5944 6956 1.000000
5944 7109 1.000000
5944 7140 1.000000
5955 6549 1.000000
5955 7128 1.000000
5955 7129 1.000000
5955 7130 1.000000
5960 5961 1.000000
5962 6175 1.000000
5971 6003 1.000000
5971 6033 1.000000
5971 6989 1.000000
5971 6990 1.000000
5976 5977 1.000000
5979 5983 1.000000
5979 5984 1.000000
5979 5985 1.000000
5983 5984 1.000000
5983 5985 1.000000
5984 5985 1.000000
5989 6706 1.000000
5990 7107 1.000000
5992 5993 1.000000
5995 6409 1.000000
5995 6749 1.000000
5995 6750 1.000000
5997 6272 1.000000
5997 6705 1.000000
5997 6792 1.000000
6001 6973 1.000000
6003 6033 1.000000
6003 6989 1.000000
6003 6990 1.000000
6004 6919 1.000000
6004 7124 1.000000
6004 7227 1.000000
6012 6654 1.000000
6014 6015 1.000000
6018 7199 1.000000
6020 6876 1.000000
6020 6906 1.000000
6032 7016 1.000000
6033 6989 1.000000
6033 6990 1.000000
6036 6572 1.000000
6036 7000 1.000000
6036 7159 1.000000
6036 7178 1.000000
6036 7179 1.000000
6043 6293 1.000000
6043 6907 1.000000
6043 6908 1.000000
6043 6909 1.000000
6043 6910 1.000000
6043 6911 1.000000
6052 6784 1.000000
6052 7014 1.000000
6064 6873 1.000000
6068 7082 1.000000
6071 6675 1.000000
6071 6774 1.000000
6071 7136 1.000000
6072 6073 1.000000
6078 7234 1.000000
6101 6733 1.000000
6101 6734 1.000000
6104 6975 1.000000
6105 6851 1.000000
6105 6852 1.000000
6113 6114 1.000000
6113 6115 1.000000
6113 6116 1.000000
6113 6117 1.000000
6113 6118 1.000000
6113 6119 1.000000
6113 6120 1.000000
6113 6121 1.000000
6113 6122 1.000000
6113 6124 1.000000
6113 6126 1.000000
6113 6127 1.000000
6113 6128 1.000000
6113 6129 1.000000
6113 6131 1.000000
6113 6132 1.000000
6113 6133 1.000000
6113 6135 1.000000
6113 6137 1.000000
6113 6138 1.000000
6113 6140 1.000000
6113 6146 1.000000
6114 6115 1.000000
6114 6116 1.000000
6114 6117 1.000000
6114 6118 1.000000
6114 6119 1.000000
6114 6120 1.000000
6114 6121 1.000000
6114 6122 1.000000
6114 6124 1.000000
6114 6126 1.000000
6114 6127 1.000000
6114 6128 1.000000
6114 6129 1.000000
6114 6131 1.000000
6114 6132 1.000000
6114 6133 1.000000
6114 6135 1.000000
6114 6137 1.000000
6114 6138 1.000000
6114 6140 1.000000
6114 6146 1.000000
6115 6116 1.000000
6115 6117 1.000000
6115 6118 1.000000
6115 6119 1.000000
6115 6120 1.000000
6115 6121 1.000000
6115 6122 1.000000
6115 6124 1.000000
6115 6126 1.000000
6115 6127 1.000000
6115 6128 1.000000
6115 6129 1.000000
6115 6131 1.000000
6115 6132 1.000000
6115 6133 1.000000
6115 6135 1.000000
6115 6137 1.000000
6115 6138 1.000000
6115 6140 1.000000
6115 6146 1.000000
6116 6117 1.000000
6116 6118 1.000000
6116 6119 1.000000
6116 6120 1.000000
6116 6121 1.000000
6116 6122 1.000000
6116 6124 1.000000
6116 6126 1.000000
6116 6127 1.000000
6116 6128 1.000000
6116 6129 1.000000
6116 6131 1.000000
6116 6132 1.000000
6116 6133 1.000000
6116 6135 1.000000
6116 6137 1.000000
6116 6138 1.000000
6116 6140 1.000000
6116 6146 1.000000
6117 6118 1.000000
6117 6119 1.000000
6117 6120 1.000000
6117 6121 1.000000
6117 6122 1.000000
6117 6124 1.000000
6117 6126 1.000000
6117 6127 1.000000
6117 6128 1.000000
6117 6129 1.000000
6117 6131 1.000000
6117 6132 1.000000
6117 6133 1.000000
6117 6135 1.000000
6117 6137 1.000000
6117 6138 1.000000
6117 6140 1.000000
6117 6146 1.000000
6118 6119 1.000000
6118 6120 1.000000
6118 6121 1.000000
6118 6122 1.000000
6118 6124 1.000000
6118 6126 1.000000
6118 6127 1.000000
6118 6128 1.000000
6118 6129 1.000000
6118 6131 1.000000
6118 6132 1.000000
6118 6133 1.000000
6118 6135 1.000000
6118 6137 1.000000
6118 6138 1.000000
6118 6140 1.000000
6118 6146 1.000000
6119 6120 1.000000
6119 6121 1.000000
6119 6122 1.000000
6119 6124 1.000000
6119 6126 1.000000
6119 6127 1.000000
6119 6128 1.000000
6119 6129 1.000000
6119 6131 1.000000
6119 6132 1.000000
6119 6133 1.000000
6119 6135 1.000000
6119 6137 1.000000
6119 6138 1.000000
6119 6140 1.000000
6119 6146 1.000000
6120 6121 1.000000
6120 6122 1.000000
6120 6124 1.000000
6120 6126 1.000000
6120 6127 1.000000
6120 6128 1.000000
6120 6129 1.000000
6120 6131 1.000000
6120 6132 1.000000
6120 6133 1.000000
6120 6135 1.000000
6120 6137 1.000000
6120 6138 1.000000
6120 6140 1.000000
6120 6146 1.000000
6121 6122 1.000000
6121 6124 1.000000
6121 6126 1.000000
6121 6127 1.000000
6121 6128 1.000000
6121 6129 1.000000
6121 6131 1.000000
6121 6132 1.000000
6121 6133 1.000000
6121 6135 1.000000
6121 6137 1.000000
6121 6138 1.000000
6121 6140 1.000000
6121 6146 1.000000
6122 6124 1.000000
6122 6126 1.000000
6122 6127 1.000000
6122 6128 1.000000
6122 6129 1.000000
6122 6131 1.000000
6122 6132 1.000000
6122 6133 1.000000
6122 6135 1.000000
6122 6137 1.000000
6122 6138 1.000000
6122 6140 1.000000
6122 6146 1.000000
6124 6126 1.000000
6124 6127 1.000000
6124 6128 1.000000
6124 6129 1.000000
6124 6131 1.000000
6124 6132 1.000000
6124 6133 1.000000
6124 6135 1.000000
6124 6137 1.000000
6124 6138 1.000000
6124 6140 1.000000
6124 6146 1.000000
6126 6127 1.000000
6126 6128 1.000000
6126 6129 1.000000
6126 6131 1.000000
6126 6132 1.000000
6126 6133 1.000000
6126 6135 1.000000
6126 6137 1.000000
6126 6138 1.000000
6126 6140 1.000000
6126 6146 1.000000
6127 6128 1.000000
6127 6129 1.000000
6127 6131 1.000000
6127 6132 1.000000
6127 6133 1.000000
6127 6135 1.000000
6127 6137 1.000000
6127 6138 1.000000
6127 6140 1.000000
6127 6146 1.000000
6128 6129 1.000000
6128 6131 1.000000
6128 6132 1.000000
6128 6133 1.000000
6128 6135 1.000000
6128 6137 1.000000
6128 6138 1.000000
6128 6140 1.000000
6128 6146 1.000000
6129 6131 1.000000
6129 6132 1.000000
6129 6133 1.000000
6129 6135 1.000000
6129 6137 1.000000
6129 6138 1.000000
6129 6140 1.000000
6129 6146 1.000000
6131 6132 1.000000
6131 6133 1.000000
6131 6135 1.000000
6131 6137 1.000000
6131 6138 1.000000
6131 6140 1.000000
6131 6146 1.000000
6132 6133 1.000000
6132 6135 1.000000
6132 6137 1.000000
6132 6138 1.000000
6132 6140 1.000000
6132 6146 1.000000
6133 6135 1.000000
6133 6137 1.000000
6133 6138 1.000000
6133 6140 1.000000
6133 6146 1.000000
6135 6137 1.000000
6135 6138 1.000000
6135 6140 1.000000
6135 6146 1.000000
6137 6138 1.000000
6137 6140 1.000000
6137 6146 1.000000
6138 6140 1.000000
6138 6146 1.000000
6140 6146 1.000000
6156 6723 1.000000
6163 6164 1.000000
6167 6402 1.000000
6167 6441 1.000000
6168 7045 1.000000
6168 7163 1.000000
6171 6172 1.000000
6181 6713 1.000000
6183 6783 1.000000
6184 6410 1.000000
6184 6411 1.000000
6184 6412 1.000000
6185 7235 1.000000
6186 6830 1.000000
6191 6192 1.000000
6197 6198 1.000000
6197 6199 1.000000
6198 6199 1.000000
6200 6598 1.000000
6205 7044 1.000000
6212 6213 1.000000
6223 7057 1.000000
6241 6589 1.000000
6241 6862 1.000000
6241 6962 1.000000
6241 7091 1.000000
6241 7092 1.000000
6245 6611 1.000000
6245 6614 1.000000
6245 6616 1.000000
6245 6617 1.000000
6247 6485 1.000000
6247 6486 1.000000
6248 7058 1.000000
6249 6269 1.000000
6251 6965 1.000000
6251 7037 1.000000
6251 7038 1.000000
6251 7039 1.000000
6251 7040 1.000000
6257 7008 1.000000
6263 7050 1.000000
6264 6270 1.000000
6265 6343 1.000000
6265 6345 1.000000
6265 6346 1.000000
6266 6604 1.000000
6272 6705 1.000000
6272 6792 1.000000
6273 7193 1.000000
6273 7201 1.000000
6275 6500 1.000000
6275 7208 1.000000
6276 6277 1.000000
6278 6969 1.000000
6282 6283 1.000000
6285 6976 1.000000
6289 6832 1.000000
6289 7004 1.000000
6289 7061 1.000000
6293 6907 1.000000
6293 6908 1.000000
6293 6909 1.000000
6293 6910 1.000000
6293 6911 1.000000
6296 6570 1.000000
6296 6605 1.000000
6296 6606 1.000000
6296 6607 1.000000
6296 6608 1.000000
6296 6610 1.000000
6304 6725 1.000000
6333 6737 1.000000
6333 6778 1.000000
6333 6781 1.000000
6338 6881 1.000000
6338 7079 1.000000
6339 6340 1.000000
6343 6345 1.000000
6343 6346 1.000000
6345 6346 1.000000
6347 6636 1.000000
6347 6698 1.000000
6347 6897 1.000000
6347 6900 1.000000
6347 6902 1.000000
6360 6361 1.000000
6360 6362 1.000000
6361 6362 1.000000
6363 6528 1.000000
6402 6441 1.000000
6407 6731 1.000000
6407 7150 1.000000
6408 6755 1.000000
6409 6749 1.000000
6409 6750 1.000000
6410 6411 1.000000
6410 6412 1.000000
6411 6412 1.000000
6417 6884 1.000000
6417 7063 1.000000
6417 7064 1.000000
6418 7134 1.000000
6426 6427 1.000000
6433 6550 1.000000
6433 6552 1.000000
6435 6591 1.000000
6435 6804 1.000000
6439 6544 1.000000
6439 7097 1.000000
6442 6510 1.000000
6442 6592 1.000000
6447 6448 1.000000
6450 6490 1.000000
6458 6624 1.000000
6458 6626 1.000000
6460 6992 1.000000
6472 6473 1.000000
6474 6648 1.000000
6485 6486 1.000000
6495 6818 1.000000
6495 6878 1.000000
6497 6538 1.000000
6497 6540 1.000000
6500 7208 1.000000
6501 6912 1.000000
6510 6592 1.000000
6538 6540 1.000000
6542 7018 1.000000
6544 7097 1.000000
6549 7128 1.000000
6549 7129 1.000000
6549 7130 1.000000
6550 6552 1.000000
6554 6817 1.000000
6555 6556 1.000000
6570 6605 1.000000
6570 6606 1.000000
6570 6607 1.000000
6570 6608 1.000000
6570 6610 1.000000
6572 7000 1.000000
6572 7159 1.000000
6572 7178 1.000000
6572 7179 1.000000
6575 6576 1.000000
6575 6577 1.000000
6576 6577 1.000000
6583 6885 1.000000
6583 6914 1.000000
6583 6953 1.000000
6583 7005 1.000000
6583 7083 1.000000
6583 7215 1.000000
6584 6620 1.000000
6589 6862 1.000000
6589 6962 1.000000
6589 7091 1.000000
6589 7092 1.000000
6591 6804 1.000000
6601 7094 1.000000
6605 6606 1.000000
6605 6607 1.000000
6605 6608 1.000000
6605 6610 1.000000
6606 6607 1.000000
6606 6608 1.000000
6606 6610 1.000000
6607 6608 1.000000
6607 6610 1.000000
6608 6610 1.000000
6611 6614 1.000000
6611 6616 1.000000
6611 6617 1.000000
6614 6616 1.000000
6614 6617 1.000000
6616 6617 1.000000
6624 6626 1.000000
6627 6628 1.000000
6635 7162 1.000000
6635 7167 1.000000
6636 6698 1.000000
6636 6897 1.000000
6636 6900 1.000000
6636 6902 1.000000
6641 6687 1.000000
6655 6656 1.000000
6655 6657 1.000000
6656 6657 1.000000
6664 7230 1.000000
6666 7221 1.000000
6668 6669 1.000000
6668 6670 1.000000
6669 6670 1.000000
6675 6774 1.000000
6675 7136 1.000000
6676 6869 1.000000
6676 6882 1.000000
6676 7144 1.000000
6682 6683 1.000000
6695 7086 1.000000
6695 7121 1.000000
6695 7233 1.000000
6698 6897 1.000000
6698 6900 1.000000
6698 6902 1.000000
6705 6792 1.000000
6718 7074 1.000000
6731 7150 1.000000
6733 6734 1.000000
6737 6778 1.000000
6737 6781 1.000000
6749 6750 1.000000
6753 6888 1.000000
6753 6889 1.000000
6753 6890 1.000000
6756 6757 1.000000
6763 6842 1.000000
6763 7059 1.000000
6774 7136 1.000000
6775 7036 1.000000
6775 7090 1.000000
6775 7218 1.000000
6778 6781 1.000000
6784 7014 1.000000
6785 6984 1.000000
6787 7145 1.000000
6788 7198 1.000000
6799 6800 1.000000
6806 6807 1.000000
6815 6853 1.000000
6816 7055 1.000000
6818 6878 1.000000
6823 6824 1.000000
6823 6825 1.000000
6824 6825 1.000000
6831 6937 1.000000
6832 7004 1.000000
6832 7061 1.000000
6837 6838 1.000000
6842 7059 1.000000
6851 6852 1.000000
6862 6962 1.000000
6862 7091 1.000000
6862 7092 1.000000
6864 6949 1.000000
6869 6882 1.000000
6869 7144 1.000000
6870 7139 1.000000
6876 6906 1.000000
6880 6977 1.000000
6881 7079 1.000000
6882 7144 1.000000
6884 7063 1.000000
6884 7064 1.000000
6885 6914 1.000000
6885 6953 1.000000
6885 7005 1.000000
6885 7083 1.000000
6885 7215 1.000000
6888 6889 1.000000
6888 6890 1.000000
6889 6890 1.000000
6894 7084 1.000000
6894 7165 1.000000
6897 6900 1.000000
6897 6902 1.000000
6900 6902 1.000000
6905 7142 1.000000
6907 6908 1.000000
6907 6909 1.000000
6907 6910 1.000000
6907 6911 1.000000
6908 6909 1.000000
6908 6910 1.000000
6908 6911 1.000000
6909 6910 1.000000
6909 6911 1.000000
6910 6911 1.000000
6914 6953 1.000000
6914 7005 1.000000
6914 7083 1.000000
6914 7215 1.000000
6917 6922 1.000000
6918 6995 1.000000
6919 7124 1.000000
6919 7227 1.000000
6921 7022 1.000000
6928 6930 1.000000
6931 6956 1.000000
6931 7109 1.000000
6931 7140 1.000000
6953 7005 1.000000
6953 7083 1.000000
6953 7215 1.000000
6956 7109 1.000000
6956 7140 1.000000
6957 7205 1.000000
6962 7091 1.000000
6962 7092 1.000000
6965 7037 1.000000
6965 7038 1.000000
6965 7039 1.000000
6965 7040 1.000000
6968 7197 1.000000
6978 6979 1.000000
6978 6981 1.000000
6979 6981 1.000000
6985 6988 1.000000
6985 7114 1.000000
6988 7114 1.000000
6989 6990 1.000000
7000 7159 1.000000
7000 7178 1.000000
7000 7179 1.000000
7002 7076 1.000000
7004 7061 1.000000
7005 7083 1.000000
7005 7215 1.000000
7012 7028 1.000000
7025 7026 1.000000
7035 7146 1.000000
7036 7090 1.000000
7036 7218 1.000000
7037 7038 1.000000
7037 7039 1.000000
7037 7040 1.000000
7038 7039 1.000000
7038 7040 1.000000
7039 7040 1.000000
7045 7163 1.000000
7062 7222 1.000000
7063 7064 1.000000
7080 7081 1.000000
7083 7215 1.000000
7084 7165 1.000000
7086 7121 1.000000
7086 7233 1.000000
7090 7218 1.000000
7091 7092 1.000000
7101 7102 1.000000
7109 7140 1.000000
7119 7158 1.000000
7121 7233 1.000000
7124 7227 1.000000
7128 7129 1.000000
7128 7130 1.000000
7129 7130 1.000000
7131 7170 1.000000
7159 7178 1.000000
7159 7179 1.000000
7162 7167 1.000000
7178 7179 1.000000
7180 7181 1.000000
7193 7201 1.000000
7194 7202 1.000000
7194 7231 1.000000
7202 7231 1.000000
7210 7211 1.000000
