839 1672 1677
840 1677 1660
841 1677 1669
842 1677 1671
843 1677 1673
844 1677 1674
845 1677 1675
846 1677 1676
848 1677 1678
849 1677 1679
850 1672 1660
851 1672 1669
852 1672 1671
854 1672 1673
855 1672 1674
856 1672 1675
857 1672 1676
858 1672 1678
859 1672 1679
22141 1660 1658
22142 1660 1659
22144 1660 1661
22145 1660 1662
22150 1660 1667
22152 1660 1669
22154 1660 1671
22156 1660 1673
22157 1660 1674
22158 1660 1675
22159 1660 1676
22161 1660 1678
22162 1660 1679
31888 1669 1663
31889 1669 1664
31890 1669 1665
31891 1669 1666
31893 1669 1668
31896 1669 1671
31898 1669 1673
31899 1669 1674
31900 1669 1675
31901 1669 1676
31903 1669 1678
31904 1669 1679
41640 1671 1673
41641 1671 1674
41642 1671 1675
41643 1671 1676
41645 1671 1678
41646 1671 1679
51383 1673 1674
51384 1673 1675
51385 1673 1676
51387 1673 1678
51388 1673 1679
61126 1674 1675
61127 1674 1676
61129 1674 1678
61130 1674 1679
70869 1675 1676
70871 1675 1678
70872 1675 1679
80605 1676 1670
80613 1676 1678
80614 1676 1679
90356 1678 1679
109822 1658 1661
119565 1661 1662
119570 1661 1667
139046 1667 1659
217204 0 1882
221161 0 5853
221547 0 6239
222511 0 7203
226952 1882 1888
230903 1882 5853
232253 1882 7203
235575 5853 768
235691 5853 884
235711 5853 904
236690 5853 1884
236694 5853 1888
237518 5853 2714
239586 5853 4792
239587 5853 4793
240625 5853 5833
240644 5853 5852
240647 5853 5855
240652 5853 5860
240665 5853 5873
241417 5853 6625
241533 5853 6741
241534 5853 6742
241995 5853 7203
242799 5853 8007
251697 7203 7163
251701 7203 7167
251738 7203 7204
251740 7203 7206
256171 1888 1881
256174 1888 1884
256177 1888 1887
256186 1888 1896
256189 1888 1899
256192 1888 1902
256195 1888 1905
256214 1888 1924
264801 1884 768
264937 1884 904
265935 1884 1903
266744 1884 2714
268812 1884 4792
269891 1884 5873
270759 1884 6741
270760 1884 6742
274598 768 823
274679 768 904
276486 768 2714
278554 768 4792
279633 768 5873
280501 768 6741
280502 768 6742
285420 904 1904
285592 904 2076
286228 904 2714
288296 904 4792
289375 904 5873
290243 904 6741
290244 904 6742
295971 2714 2715
296218 2714 2962
298038 2714 4792
299113 2714 5869
299117 2714 5873
299985 2714 6741
299986 2714 6742
303255 4792 253
303885 4792 884
305332 4792 2332
307781 4792 4793
308859 4792 5873
309611 4792 6625
309727 4792 6741
309728 4792 6742
310993 4792 8007
319469 5873 6741
319470 5873 6742
329212 6741 6742
330112 6741 7642
330113 6741 7643
342863 884 894
346749 884 4793
348579 884 6625
349961 884 8007
352482 4793 771
356489 4793 4791
356492 4793 4794
358321 4793 6625
359703 4793 8007
368058 6625 6620
368059 6625 6621
368060 6625 6622
368061 6625 6623
368062 6625 6624
368064 6625 6626
369445 6625 8007
379186 8007 8006
379189 8007 8009
379194 8007 8014
379196 8007 8016
379199 8007 8019
391451 771 772
391457 771 778
391507 771 828
401199 772 778
401208 772 787
401242 772 821
401291 772 870
401315 772 894
405445 772 5039
410950 778 787
410975 778 812
410978 778 815
411033 778 870
440278 894 889
449881 812 750
449888 812 757
449889 812 758
449896 812 765
449920 812 789
449942 812 811
449951 812 820
449954 812 823
449985 812 854
459626 823 753
459684 823 811
459774 823 901
460460 823 1587
469372 811 757
469378 811 763
469380 811 765
469396 811 781
469403 811 788
469435 811 820
469506 811 891
479109 757 752
479112 757 755
479115 757 758
479121 757 764
479123 757 766
479145 757 788
479173 757 816
479174 757 817
479263 757 906
488855 758 756
488864 758 765
488866 758 767
488901 758 802
488915 758 816
488916 758 817
488919 758 820
498592 765 751
498605 765 764
508363 820 780
508369 820 786
508377 820 794
508397 820 814
508404 820 821
508438 820 855
518075 764 750
518081 764 756
527814 750 747
527818 750 751
527837 750 770
527862 750 795
527917 750 850
530206 750 3142
537579 751 770
537591 751 782
537604 751 795
537696 751 887
547306 756 755
547313 756 762
547341 756 790
547353 756 802
557095 755 802
557109 755 816
566787 802 752
576530 816 753
576538 816 761
576568 816 791
576594 816 817
583473 816 7711
586272 817 753
586273 817 754
586309 817 790
593215 817 7711
596015 753 754
625277 770 790
630281 770 5809
630282 770 5810
630340 770 5868
630991 770 6519
634991 790 762
635020 790 791
644732 762 761
664244 788 789
664248 788 793
664350 788 895
673941 789 744
673983 789 786
673990 789 793
674095 789 898
675955 789 2761
683718 786 779
683724 786 785
683735 786 796
683736 786 797
683825 786 886
685916 786 2980
690602 786 7678
704011 793 1588
713015 795 850
722701 821 794
722721 821 814
722756 821 849
725077 821 3173
729579 821 7687
733544 794 1896
738655 794 7021
739501 794 7867
742220 814 829
752020 850 887
757025 850 5907
761740 887 865
777623 1896 7021
778469 1896 7867
787330 7021 6986
787340 7021 6996
787345 7021 7001
787367 7021 7023
787372 7021 7028
788211 7021 7867
798119 7867 8033
798121 7867 8035
798127 7867 8041
798132 7867 8046
798133 7867 8047
807540 7711 7712
807541 7711 7713
807542 7711 7714
810333 744 748
810475 744 890
820107 747 780
820119 747 792
820131 747 804
820212 747 885
829846 780 777
829861 780 792
829878 780 809
829879 780 810
829961 780 892
829962 780 893
846392 792 7596
849433 748 880
859055 763 760
859079 763 784
859104 763 809
859114 763 819
859141 763 846
859158 763 863
860958 763 2666
868814 809 777
868816 809 779
868821 809 784
868822 809 785
868843 809 806
868850 809 813
868856 809 819
868875 809 838
870699 809 2665
875971 809 7949
878555 777 776
878561 777 782
878562 777 783
878578 777 799
878620 777 841
878682 777 903
888336 779 815
888411 779 890
898039 782 776
898046 782 783
898063 782 800
898105 782 842
904950 782 7702
911248 776 4255
930731 784 4254
936990 785 759
937027 785 796
937028 785 797
937041 785 810
937046 785 815
937066 785 835
946853 815 880
956464 796 749
959959 796 4256
966264 797 807
976003 810 804
976017 810 818
985759 804 818
985794 804 853
1001767 818 7099
1002628 818 7960
