2437 8390 8399
2438 8399 4027
2439 8399 4029
2440 8399 8064
2441 8399 8065
2442 8399 8066
2443 8399 8383
2444 8399 8384
2445 8399 8385
2446 8399 8386
2447 8399 8387
2448 8399 8388
2449 8399 8389
2450 8399 8391
2451 8399 8392
2452 8399 8393
2453 8399 8394
2454 8399 8395
2455 8399 8396
2456 8399 8397
2457 8399 8398
2459 8399 8400
2460 8399 8401
2461 8399 8402
2462 8399 8403
2463 8399 8404
2464 8399 8405
2465 8399 8406
2466 8399 8407
2467 8399 8408
2468 8399 8409
2469 8399 8410
2470 8399 8413
2471 8390 4027
2472 8390 4029
2473 8390 8064
2474 8390 8065
2475 8390 8066
2476 8390 8383
2477 8390 8384
2478 8390 8385
2479 8390 8386
2480 8390 8387
2481 8390 8388
2482 8390 8389
2484 8390 8391
2485 8390 8392
2486 8390 8393
2487 8390 8394
2488 8390 8395
2489 8390 8396
2490 8390 8397
2491 8390 8398
2493 8390 8400
2494 8390 8401
2495 8390 8402
2496 8390 8403
2497 8390 8404
2498 8390 8405
2499 8390 8406
2500 8390 8407
2501 8390 8408
2502 8390 8409
2503 8390 8410
2506 8390 8413
2784 3781 3756
2806 2908 2909
3720 8322 4074
6069 9645 9660
6289 4642 4638
8772 8524 8533
13112 8096 8092
15062 4176 7395
16132 3918 3916
16578 8018 8017
16613 8351 8359
16616 3263 3262
16797 8341 8313
20465 6211 6213
20731 6223 6124
21370 2751 2752
21396 2685 2687
23535 4925 4932
23693 2141 2405
29745 8654 8653
30847 823 1587
31671 8375 8078
31961 2727 2735
32004 5853 5855
32333 2874 2871
33533 9602 9605
33563 6291 4770
34054 9570 9583
37148 915 924
37845 3565 3708
38607 8141 8136
39857 4230 4225
43049 2916 2918
43188 1699 1687
45440 9645 9627
45468 5509 5515
46978 3711 3535
48763 2348 2342
51151 1752 1756
51538 4180 8222
53203 2695 2774
54683 564 586
56317 2893 2891
57769 6448 6469
57849 8236 8231
59554 1930 1942
60231 9662 9663
60588 232 229
60745 8697 8694
61082 8176 8192
61457 2807 2755
63471 2241 2219
63792 8355 8346
65160 8399 8412
66797 8335 8323
66962 3750 3822
67104 9235 9113
67464 1682 1689
72349 9651 9639
73546 3281 426
74548 474 472
76750 872 7259
79958 8756 8776
80121 386 396
83251 2041 2040
84666 8413 8412
87220 2223 2220
89393 7251 7252
92169 8499 8479
92691 5329 5330
93835 3645 3639
94105 2035 80
94630 3638 3643
95032 3838 3861
96182 1792 272
97950 2235 2205
98179 8312 8304
98323 9062 9061
99395 8501 8485
100656 1203 1199
104358 9635 9631
104987 470 430
105441 4571 5889
106640 6998 7008
107192 8533 8530
109843 8410 8066
112134 3073 3077
113844 5450 5451
114934 9601 9605
122907 3619 3621
123259 4822 207
123344 8962 8961
125465 4753 4573
125920 8873 8875
126205 9585 9584
130471 5633 5637
130777 9563 8892
136082 3871 3874
136183 8483 8482
136188 2901 2903
136252 1150 1140
137679 7483 7482
138936 5876 5877
140029 2642 4750
141680 7986 6982
144411 294 290
144612 9647 9635
145485 5769 1751
146176 4495 4471
148434 7336 4186
148813 9640 9673
151212 9195 8860
154232 2102 2041
160304 4074 4072
161917 2385 2392
163532 6996 7021
163772 9661 9658
163873 9247 9248
164932 4044 8291
165481 9492 9491
165626 7619 7621
165745 8256 8237
167160 8366 8357
169054 9478 9473
169204 9295 9432
171344 7401 7402
172345 9557 9592
174090 4616 4612
174168 9474 9472
174465 8968 8969
177841 8594 8593
179741 8202 8193
180551 7808 7809
180832 7119 7115
180933 5577 8889
180972 7665 7660
184257 6314 6312
185843 8482 8541
185933 5220 5222
186248 8835 8836
186634 8561 8869
188054 8512 8538
190205 4602 4629
190783 9459 9457
192014 9552 9550
192153 6799 6800
192683 3266 3264
197165 277 273
201751 6694 6661
201876 2152 2050
203749 1895 8049
205584 1529 1519
206228 8523 4063
207058 2718 2716
210314 8195 8184
212788 9505 5563
214487 9568 9561
218824 9678 9677
219022 3535 3539
219610 4034 4090
221170 5110 5109
222298 4041 5604
222649 7124 7117
223071 2238 2199
223117 9471 9475
223445 9555 9541
224421 3970 3973
225405 8119 8058
226885 3658 3657
230506 8203 8197
231857 8373 8364
236128 3972 3721
236420 9048 9046
239369 2790 2787
240365 4898 4902
240542 1705 1692
241899 3993 3988
244132 8348 8356
244450 1858 1855
244654 364 4334
248054 8327 8334
248103 8393 8394
248121 5885 5889
249705 8831 8830
250733 5807 5786
251603 9277 9269
253008 3528 3524
256539 7027 7045
258081 9231 9233
259883 1687 1693
266803 2818 2805
267054 8523 8508
268127 2914 3124
268835 2944 2985
271346 7405 7411
272272 9631 9632
273582 3868 3861
273768 1136 1132
274124 7333 4186
274377 705 709
274927 7511 7524
275029 8337 8338
275066 7670 7666
275525 8827 9310
276002 8789 8834
278044 8361 8375
278272 9177 9176
278651 5584 9431
279005 2205 2238
280235 5327 5328
284260 3942 3938
284367 8773 8728
289653 3310 3320
292481 8475 8496
293085 2246 2218
293977 5248 3425
296442 9046 9047
296838 1638 1637
297557 5583 8878
298449 3931 3935
301140 8488 8493
304919 5592 9177
306696 4842 4511
307036 9252 9251
307458 7256 1988
307752 8767 8773
307781 5515 4549
310929 2207 2237
311715 8215 8221
313525 9596 9576
315197 8902 8903
316312 6434 6515
317450 8160 8168
320803 9638 9667
320990 6968 8657
321092 9245 8979
322598 3914 3911
323938 1212 1211
325556 9266 9267
328976 9515 9514
329108 2971 8001
329581 8272 8285
330668 3759 3760
330898 1905 1888
331483 8490 8073
335572 2222 2209
335669 5117 5106
337488 3888 3656
338191 9680 8866
338510 6529 6530
338805 2241 2206
341872 4102 8246
342914 2232 2213
345335 5598 5571
346738 9536 9546
347823 2689 2775
348071 6191 6138
348400 9440 9140
349399 8736 8741
349990 2251 2220
350710 2209 2216
351942 7316 7318
353870 7800 7799
355072 7618 7621
355576 8310 8312
355907 8311 8377
358402 8329 8059
358542 3056 3051
360678 4852 4851
361330 1828 1844
361405 1168 1169
364612 8240 8233
365552 9297 9453
365692 7079 7078
366366 2770 2785
368030 7674 7678
368124 9563 9590
368939 8536 8511
369529 971 978
370050 9659 9441
370403 5596 9227
370821 8126 8542
373633 291 301
373929 3113 2956
374381 51 49
377554 3259 3265
377580 5577 9161
377740 7847 7849
378217 9600 9604
379825 8332 8316
380828 2435 8052
381686 3059 3047
381996 9534 9531
382712 8706 8714
383458 8187 8180
386119 2016 2015
386126 2330 2323
387226 3292 3320
390189 8139 8136
394450 1680 1704
394455 9047 9165
395927 8068 8482
396493 3943 3942
397407 7665 7667
397538 2206 2230
398481 2205 2232
400933 1889 1919
403665 7965 7928
404006 514 5908
404271 8270 8264
405797 2782 2788
406841 3268 3263
407430 3844 3855
412994 2212 2240
413197 9202 9165
416354 8415 8055
417613 9136 8905
419223 8122 8123
420483 6868 6845
421343 2414 6239
422379 7600 7599
426059 1609 1608
428632 8007 8009
428730 3937 3934
430886 9039 9138
431900 8543 8500
433077 8423 8435
435922 7695 7694
437132 4288 4284
437379 8136 8134
439127 4813 140
439567 8317 8340
440058 8546 8492
440428 8494 8496
442233 8067 7790
443527 9445 5575
445519 4623 4621
446880 3133 2972
450131 8357 8361
450976 8186 8176
451301 8342 8379
451737 2242 2234
452692 6920 5482
453207 1863 1866
455456 2689 2709
457419 8317 8322
459608 5943 5916
462671 8490 8478
465407 8234 8229
465684 5608 8443
466216 9441 9662
466269 9633 9441
467439 8323 8321
469356 8317 8313
469406 2240 2242
470522 9497 9522
471453 151 147
474268 8471 8483
474893 8525 8539
475724 8356 8353
476111 9311 8890
476311 8053 8437
477226 4082 8454
477799 5049 5048
479407 7383 7387
480116 2630 2617
480468 8198 8193
481979 9670 9681
483505 1199 1195
484021 3385 5386
489003 8387 8414
489944 8479 7790
491007 6301 6299
491363 3551 3549
492981 8230 8250
494245 3956 3954
494573 2250 2196
494854 1500 4430
495380 8478 8471
495814 3308 3349
497029 4613 4611
498316 8468 5609
499734 845 760
