2437 8390 8399
2438 8399 4027
2439 8399 4029
2440 8399 8064
2441 8399 8065
2442 8399 8066
2443 8399 8383
2444 8399 8384
2445 8399 8385
2446 8399 8386
2447 8399 8387
2448 8399 8388
2449 8399 8389
2450 8399 8391
2451 8399 8392
2452 8399 8393
2453 8399 8394
2454 8399 8395
2455 8399 8396
2456 8399 8397
2457 8399 8398
2459 8399 8400
2460 8399 8401
2461 8399 8402
2462 8399 8403
2463 8399 8404
2464 8399 8405
2465 8399 8406
2466 8399 8407
2467 8399 8408
2468 8399 8409
2469 8399 8410
2470 8399 8413
2471 8390 4027
2472 8390 4029
2473 8390 8064
2474 8390 8065
2475 8390 8066
2476 8390 8383
2477 8390 8384
2478 8390 8385
2479 8390 8386
2480 8390 8387
2481 8390 8388
2482 8390 8389
2484 8390 8391
2485 8390 8392
2486 8390 8393
2487 8390 8394
2488 8390 8395
2489 8390 8396
2490 8390 8397
2491 8390 8398
2493 8390 8400
2494 8390 8401
2495 8390 8402
2496 8390 8403
2497 8390 8404
2498 8390 8405
2499 8390 8406
2500 8390 8407
2501 8390 8408
2502 8390 8409
2503 8390 8410
2506 8390 8413
