2437 8390 8399
2438 8399 4027
2439 8399 4029
2440 8399 8064
2441 8399 8065
2442 8399 8066
2443 8399 8383
2444 8399 8384
2445 8399 8385
2446 8399 8386
2447 8399 8387
2448 8399 8388
2449 8399 8389
2450 8399 8391
2451 8399 8392
2452 8399 8393
2453 8399 8394
2454 8399 8395
2455 8399 8396
2456 8399 8397
2457 8399 8398
2459 8399 8400
2460 8399 8401
2461 8399 8402
2462 8399 8403
2463 8399 8404
2464 8399 8405
2465 8399 8406
2466 8399 8407
2467 8399 8408
2468 8399 8409
2469 8399 8410
2470 8399 8413
2471 8390 4027
2472 8390 4029
2473 8390 8064
2474 8390 8065
2475 8390 8066
2476 8390 8383
2477 8390 8384
2478 8390 8385
2479 8390 8386
2480 8390 8387
2481 8390 8388
2482 8390 8389
2484 8390 8391
2485 8390 8392
2486 8390 8393
2487 8390 8394
2488 8390 8395
2489 8390 8396
2490 8390 8397
2491 8390 8398
2493 8390 8400
2494 8390 8401
2495 8390 8402
2496 8390 8403
2497 8390 8404
2498 8390 8405
2499 8390 8406
2500 8390 8407
2501 8390 8408
2502 8390 8409
2503 8390 8410
2506 8390 8413
2507 4027 4029
2508 4027 8064
2509 4027 8065
2510 4027 8066
2511 4027 8383
2512 4027 8384
2513 4027 8385
2514 4027 8386
2515 4027 8387
2516 4027 8388
2517 4027 8389
2518 4027 8391
2519 4027 8392
2520 4027 8393
2521 4027 8394
2522 4027 8395
2523 4027 8396
2524 4027 8397
2525 4027 8398
2526 4027 8400
2527 4027 8401
2528 4027 8402
2529 4027 8403
2530 4027 8404
2531 4027 8405
2532 4027 8406
2533 4027 8407
2534 4027 8408
2535 4027 8409
2536 4027 8410
2537 4027 8413
2538 4029 8064
2539 4029 8065
2540 4029 8066
2541 4029 8383
2542 4029 8384
2543 4029 8385
2544 4029 8386
2545 4029 8387
2546 4029 8388
2547 4029 8389
2548 4029 8391
2549 4029 8392
2550 4029 8393
2551 4029 8394
2552 4029 8395
2553 4029 8396
2554 4029 8397
2555 4029 8398
2556 4029 8400
2557 4029 8401
2558 4029 8402
2559 4029 8403
2560 4029 8404
2561 4029 8405
2562 4029 8406
2563 4029 8407
2564 4029 8408
2565 4029 8409
2566 4029 8410
2567 4029 8413
2568 8064 8065
2569 8064 8066
2570 8064 8383
2571 8064 8384
2572 8064 8385
2573 8064 8386
2574 8064 8387
2575 8064 8388
2576 8064 8389
2577 8064 8391
2578 8064 8392
2579 8064 8393
2580 8064 8394
2581 8064 8395
2582 8064 8396
2583 8064 8397
2584 8064 8398
2585 8064 8400
2586 8064 8401
2587 8064 8402
2588 8064 8403
2589 8064 8404
2590 8064 8405
2591 8064 8406
2592 8064 8407
2593 8064 8408
2594 8064 8409
2595 8064 8410
2596 8064 8413
2597 8065 8066
2598 8065 8383
2599 8065 8384
2601 8065 8386
2602 8065 8387
2603 8065 8388
2604 8065 8389
2605 8065 8391
2607 8065 8393
2608 8065 8394
2609 8065 8395
2610 8065 8396
2611 8065 8397
2612 8065 8398
2613 8065 8400
2614 8065 8401
2615 8065 8402
2616 8065 8403
2617 8065 8404
2618 8065 8405
2619 8065 8406
2620 8065 8407
2621 8065 8408
2622 8065 8409
2623 8065 8410
2624 8065 8413
2625 8066 8383
2626 8066 8384
2628 8066 8386
2629 8066 8387
2630 8066 8388
2631 8066 8389
2632 8066 8391
2634 8066 8393
2635 8066 8394
2636 8066 8395
2637 8066 8396
2638 8066 8397
2639 8066 8398
2640 8066 8400
2641 8066 8401
2642 8066 8402
2643 8066 8403
2644 8066 8404
2645 8066 8405
2646 8066 8406
2647 8066 8407
2648 8066 8408
2649 8066 8409
2650 8066 8410
2651 8066 8413
2652 8383 8384
2653 8383 8385
2654 8383 8386
2655 8383 8387
2656 8383 8388
2657 8383 8389
2658 8383 8391
2659 8383 8392
2660 8383 8393
2661 8383 8394
2662 8383 8395
2663 8383 8396
2664 8383 8397
2665 8383 8398
2666 8383 8400
2667 8383 8401
2668 8383 8402
2669 8383 8403
2670 8383 8404
2671 8383 8405
2672 8383 8406
2673 8383 8407
2674 8383 8408
2675 8383 8409
2676 8383 8410
2677 8383 8413
2678 8384 8385
2679 8384 8386
2680 8384 8387
2681 8384 8388
2682 8384 8389
2683 8384 8391
2684 8384 8392
2685 8384 8393
2686 8384 8394
2687 8384 8395
2688 8384 8396
2689 8384 8397
2690 8384 8398
2691 8384 8400
2692 8384 8401
2693 8384 8402
2694 8384 8403
2695 8384 8404
2696 8384 8405
2697 8384 8406
2698 8384 8407
2699 8384 8408
2700 8384 8409
2701 8384 8410
2702 8384 8413
2703 8385 8386
2704 8385 8387
2705 8385 8388
2706 8385 8389
2707 8385 8391
2708 8385 8392
2709 8385 8393
2710 8385 8394
2711 8385 8395
2712 8385 8396
2713 8385 8397
2714 8385 8398
2715 8385 8400
2716 8385 8401
2717 8385 8402
2718 8385 8403
2719 8385 8404
2720 8385 8405
2721 8385 8406
2722 8385 8407
2723 8385 8408
2724 8385 8409
2725 8385 8410
2726 8385 8413
2727 8386 8387
2728 8386 8388
2729 8386 8389
2730 8386 8391
2731 8386 8392
2732 8386 8393
2733 8386 8394
2734 8386 8395
2735 8386 8396
2736 8386 8397
2737 8386 8398
2738 8386 8400
2739 8386 8401
2740 8386 8402
2741 8386 8403
2742 8386 8404
2743 8386 8405
2744 8386 8406
2745 8386 8407
2746 8386 8408
2747 8386 8409
2748 8386 8410
2749 8386 8413
2750 8387 8388
2751 8387 8389
2752 8387 8391
2753 8387 8392
2754 8387 8393
2755 8387 8394
2756 8387 8395
2757 8387 8396
2758 8387 8397
2759 8387 8398
2760 8387 8400
2761 8387 8401
2762 8387 8402
2763 8387 8403
2764 8387 8404
2765 8387 8405
2766 8387 8406
2767 8387 8407
2768 8387 8408
2769 8387 8409
2770 8387 8410
2771 8387 8413
2772 8388 8389
2773 8388 8391
2774 8388 8392
2775 8388 8393
2776 8388 8394
2777 8388 8395
2778 8388 8396
2779 8388 8397
2780 8388 8398
2781 8388 8400
2782 8388 8401
2783 8388 8402
2784 8388 8403
2785 8388 8404
2786 8388 8405
2787 8388 8406
2788 8388 8407
2789 8388 8408
2790 8388 8409
2791 8388 8410
2792 8388 8413
2793 8389 8391
2794 8389 8392
2795 8389 8393
2796 8389 8394
2797 8389 8395
2798 8389 8396
2799 8389 8397
2800 8389 8398
2801 8389 8400
2802 8389 8401
2803 8389 8402
2804 8389 8403
2805 8389 8404
2806 8389 8405
2807 8389 8406
2808 8389 8407
2809 8389 8408
2810 8389 8409
2811 8389 8410
2812 8389 8413
2813 8391 8392
2814 8391 8393
2815 8391 8394
2816 8391 8395
2817 8391 8396
2818 8391 8397
2819 8391 8398
2820 8391 8400
2821 8391 8401
2822 8391 8402
2823 8391 8403
2824 8391 8404
2825 8391 8405
2826 8391 8406
2827 8391 8407
2828 8391 8408
2829 8391 8409
2830 8391 8410
2831 8391 8413
2832 8392 8393
2833 8392 8394
2834 8392 8395
2835 8392 8396
2836 8392 8397
2837 8392 8398
2838 8392 8400
2839 8392 8401
2840 8392 8402
2841 8392 8403
2842 8392 8404
2843 8392 8405
2844 8392 8406
2845 8392 8407
2846 8392 8408
2847 8392 8409
2848 8392 8410
2849 8392 8413
2850 8393 8394
2851 8393 8395
2852 8393 8396
2853 8393 8397
2854 8393 8398
2855 8393 8400
2856 8393 8401
2857 8393 8402
2858 8393 8403
2859 8393 8404
2860 8393 8405
2861 8393 8406
2862 8393 8407
2863 8393 8408
2864 8393 8409
2865 8393 8410
2866 8393 8413
2867 8394 8395
2868 8394 8396
2869 8394 8397
2870 8394 8398
2871 8394 8400
2872 8394 8401
2873 8394 8402
2874 8394 8403
2875 8394 8404
2876 8394 8405
2877 8394 8406
2878 8394 8407
2879 8394 8408
2880 8394 8409
2881 8394 8410
2882 8394 8413
2883 8395 8396
2884 8395 8397
2885 8395 8398
2886 8395 8400
2887 8395 8401
2888 8395 8402
2889 8395 8403
2890 8395 8404
2891 8395 8405
2892 8395 8406
2893 8395 8407
2894 8395 8408
2895 8395 8409
2896 8395 8410
2897 8395 8413
2898 8396 8397
2899 8396 8398
2900 8396 8400
2901 8396 8401
2902 8396 8402
2903 8396 8403
2904 8396 8404
2905 8396 8405
2906 8396 8406
2907 8396 8407
2908 8396 8408
2909 8396 8409
2910 8396 8410
2911 8396 8413
2912 8397 8398
2913 8397 8400
2914 8397 8401
2915 8397 8402
2916 8397 8403
2917 8397 8404
2918 8397 8405
2919 8397 8406
2920 8397 8407
2921 8397 8408
2922 8397 8409
2923 8397 8410
2924 8397 8413
2925 8398 8400
2926 8398 8401
2927 8398 8402
2928 8398 8403
2929 8398 8404
2930 8398 8405
2931 8398 8406
2932 8398 8407
2933 8398 8408
2934 8398 8409
2935 8398 8410
2936 8398 8413
2937 8400 8401
2938 8400 8402
2939 8400 8403
2940 8400 8404
2941 8400 8405
2942 8400 8406
2943 8400 8407
2944 8400 8408
2945 8400 8409
2946 8400 8410
2947 8400 8413
2948 8401 8402
2949 8401 8403
2950 8401 8404
2951 8401 8405
2952 8401 8406
2953 8401 8407
2954 8401 8408
2955 8401 8409
2956 8401 8410
2957 8401 8413
2958 8402 8403
2959 8402 8404
2960 8402 8405
2961 8402 8406
2962 8402 8407
2963 8402 8408
2964 8402 8409
2965 8402 8410
2966 8402 8413
2967 8403 8404
2968 8403 8405
2969 8403 8406
2970 8403 8407
2971 8403 8408
2972 8403 8409
2973 8403 8410
2974 8403 8413
2975 8404 8405
2976 8404 8406
2977 8404 8407
2978 8404 8408
2979 8404 8409
2980 8404 8410
2981 8404 8413
2982 8405 8406
2983 8405 8407
2984 8405 8408
2985 8405 8409
2986 8405 8410
2987 8405 8413
2988 8406 8407
2989 8406 8408
2990 8406 8409
2991 8406 8410
2992 8406 8413
2993 8407 8408
2994 8407 8409
2995 8407 8410
2996 8407 8413
2997 8408 8409
2998 8408 8410
2999 8408 8413
3000 8409 8410
3001 8409 8413
3002 8410 8413
3039 3 4
3040 4 5
3041 5 6
3042 6 7
3043 7 8
3051 15 16
3058 22 23
3062 26 27
3064 28 29
3069 33 34
3070 34 35
3071 35 36
3072 36 37
3074 38 39
3078 42 43
3079 43 44
3080 44 45
3081 45 46
3085 49 50
3093 57 58
3096 60 61
3099 63 64
3103 67 68
3104 68 69
3108 72 73
3109 73 74
3114 78 79
3116 80 81
3117 81 82
3120 84 85
3121 85 86
3122 86 87
3124 88 89
3125 89 90
3130 94 95
3135 99 100
3136 100 101
3138 102 103
3139 103 104
3143 107 108
3145 109 110
3147 111 112
3148 112 113
3149 113 114
3151 115 116
3157 121 122
3162 126 127
3163 127 128
3166 130 131
3167 131 132
3168 132 133
3171 135 136
3172 136 137
3173 137 138
3174 138 139
3175 139 140
3176 140 141
3177 141 142
3178 142 143
3179 143 144
3181 145 146
3182 146 147
3183 147 148
3184 148 149
3185 149 150
3186 150 151
3187 151 152
3188 152 153
3189 153 154
3190 154 155
3191 155 156
3192 156 157
3196 160 161
3198 162 163
3199 163 164
3201 165 166
3207 171 172
3208 172 173
3209 173 174
3220 184 185
3224 188 189
3225 189 190
3227 191 192
3228 192 193
3231 195 196
3233 197 198
3234 198 199
3235 199 200
3236 200 201
3238 202 203
3241 205 206
3242 206 207
3243 207 208
3247 211 212
3249 213 214
3251 215 216
3252 216 217
3255 219 220
3266 230 231
3268 232 233
3269 233 234
3270 234 235
3271 235 236
3278 242 243
3281 245 246
3282 246 247
3283 247 248
3287 251 252
3294 258 259
3295 259 260
3296 260 261
3297 261 262
3300 264 265
3305 269 270
3306 270 271
3307 271 272
3308 272 273
3309 273 274
3310 274 275
3311 275 276
3312 276 277
3313 277 278
3315 279 280
3317 281 282
3318 282 283
3319 283 284
3322 286 287
3323 287 288
3325 289 290
3326 290 291
3327 291 292
3331 295 296
3332 296 297
3333 297 298
3340 304 305
3343 307 308
3350 314 315
3361 325 326
3373 337 338
3378 342 343
3381 345 346
3392 356 357
3402 366 367
3405 369 370
3406 370 371
3415 379 380
3416 380 381
3420 384 385
3421 385 386
3423 387 388
3426 390 391
3428 392 393
3444 408 409
3448 412 413
3458 422 423
3459 423 424
3461 425 426
3462 426 427
3481 445 446
3506 470 471
3508 472 473
3515 479 480
3516 480 481
3520 485 486
3521 486 487
3526 491 492
3529 494 495
3530 495 496
3532 497 498
3533 498 499
3535 500 501
3538 503 504
3563 528 529
3565 530 531
3571 536 537
3573 538 539
3576 541 542
3579 544 545
3580 545 546
3582 547 548
3584 549 550
3585 550 551
3586 551 552
3587 552 553
3588 553 554
3589 554 555
3590 555 556
3591 556 557
3592 557 558
3593 558 559
3594 559 560
3595 560 561
3597 562 563
3602 567 568
3606 571 572
3612 577 578
3613 578 579
3614 579 580
3615 580 581
3626 591 592
3627 592 593
3628 593 594
3629 594 595
3630 595 596
3633 598 599
3637 602 603
3640 605 606
3641 606 607
3642 607 608
3643 608 609
3644 609 610
3645 610 611
3646 611 612
3649 614 615
3650 615 616
3651 616 617
3652 617 618
3653 618 619
3654 619 620
3655 620 621
3656 621 622
3657 622 623
3661 626 627
3663 628 629
3668 633 634
3669 634 635
3670 635 636
3674 639 640
3675 640 641
3676 641 642
3677 642 643
3680 645 646
3682 647 648
3685 650 651
3689 654 655
3693 658 659
3696 661 662
3702 667 668
3703 668 669
3716 681 682
3717 682 683
3718 683 684
3720 685 686
3725 690 691
3727 692 693
3730 695 696
3734 699 700
3739 704 705
3743 708 709
3749 714 715
3751 716 717
3763 728 729
3780 745 746
3785 750 751
3788 753 754
3790 755 756
3792 757 758
3794 759 760
3796 761 762
3799 764 765
3801 766 767
3806 771 772
3808 773 774
3811 776 777
3817 782 783
3820 785 786
3823 788 789
3825 790 791
3840 805 806
3846 811 812
3851 816 817
3855 820 821
3861 826 827
3863 828 829
3864 829 830
3865 830 831
3867 832 833
3868 833 834
3876 841 842
3891 856 857
3892 857 858
3893 858 859
3894 859 860
3895 860 861
3901 866 867
3902 867 868
3903 868 869
3906 871 872
3908 873 874
3910 875 876
3911 876 877
3912 877 878
3916 881 882
3931 896 897
3934 899 900
3936 901 902
3942 907 908
3945 910 911
3951 916 917
3952 917 918
3953 918 919
3954 919 920
3958 923 924
3961 926 927
3965 930 931
3968 933 934
3969 934 935
3970 935 936
3976 941 942
3979 944 945
3985 950 951
3986 951 952
3987 952 953
3990 955 956
3994 959 960
3997 962 963
4002 967 968
4003 968 969
4005 970 971
4006 971 972
4015 980 981
4016 981 982
4017 982 983
4020 985 986
4021 986 987
4023 988 989
4025 990 991
4026 991 992
4028 993 994
4031 996 997
4032 997 998
4033 998 999
4034 999 1000
4036 1001 1002
4037 1002 1003
4038 1003 1004
4039 1004 1005
4040 1005 1006
4042 1007 1008
4043 1008 1009
4045 1010 1011
4056 1021 1022
4059 1024 1025
4061 1026 1027
4062 1027 1028
4064 1029 1030
4067 1032 1033
4068 1033 1034
4069 1034 1035
4074 1039 1040
4075 1040 1041
4077 1042 1043
4079 1044 1045
4081 1046 1047
4085 1050 1051
4089 1054 1055
4093 1058 1059
4094 1059 1060
4095 1060 1061
4096 1061 1062
4103 1068 1069
4107 1072 1073
4110 1075 1076
4113 1078 1079
4114 1079 1080
4116 1081 1082
4119 1084 1085
4121 1086 1087
4122 1087 1088
4124 1089 1090
4129 1094 1095
4132 1097 1098
4134 1099 1100
4136 1101 1102
4137 1102 1103
4139 1104 1105
4141 1106 1107
4142 1107 1108
4145 1110 1111
4149 1114 1115
4154 1119 1120
4155 1120 1121
4162 1127 1128
4164 1129 1130
4165 1130 1131
4168 1133 1134
4173 1138 1139
4174 1139 1140
4175 1140 1141
4176 1141 1142
4177 1142 1143
4178 1143 1144
4179 1144 1145
4180 1145 1146
4181 1146 1147
4182 1147 1148
4183 1148 1149
4188 1153 1154
4190 1155 1156
4191 1156 1157
4193 1158 1159
4199 1164 1165
4203 1168 1169
4207 1172 1173
4209 1174 1175
4211 1176 1177
4212 1177 1178
4223 1188 1189
4224 1189 1190
4229 1194 1195
4230 1195 1196
4231 1196 1197
4232 1197 1198
4233 1198 1199
4234 1199 1200
4235 1200 1201
4236 1201 1202
4237 1202 1203
4242 1207 1208
4244 1209 1210
4246 1211 1212
4248 1213 1214
4250 1215 1216
4252 1217 1218
4257 1222 1223
4262 1227 1228
4268 1233 1234
4271 1236 1237
4272 1237 1238
4273 1238 1239
4276 1241 1242
4282 1247 1248
4283 1248 1249
4285 1250 1251
4286 1251 1252
4287 1252 1253
4288 1253 1254
4290 1255 1256
4292 1257 1258
4294 1259 1260
4296 1261 1262
4298 1263 1264
4300 1265 1266
4303 1268 1269
4305 1270 1271
4307 1272 1273
4309 1274 1275
4310 1275 1276
4312 1277 1278
4315 1280 1281
4316 1281 1282
4317 1282 1283
4319 1284 1285
4321 1286 1287
4323 1288 1289
4325 1290 1291
4326 1291 1292
4327 1292 1293
4330 1295 1296
4331 1296 1297
4333 1298 1299
4336 1301 1302
4338 1303 1304
4339 1304 1305
4340 1305 1306
4343 1308 1309
4347 1312 1313
4349 1314 1315
4351 1316 1317
4353 1318 1319
4355 1320 1321
4357 1322 1323
4362 1327 1328
4364 1329 1330
4365 1330 1331
4366 1331 1332
4372 1337 1338
4373 1338 1339
4375 1340 1341
4380 1345 1346
4381 1346 1347
4383 1348 1349
4384 1349 1350
4388 1353 1354
4392 1357 1358
4395 1360 1361
4396 1361 1362
4397 1362 1363
4399 1364 1365
4400 1365 1366
4402 1367 1368
4403 1368 1369
4404 1369 1370
4407 1372 1373
4410 1375 1376
4411 1376 1377
4412 1377 1378
4413 1378 1379
4414 1379 1380
4416 1381 1382
4419 1384 1385
4420 1385 1386
4421 1386 1387
4422 1387 1388
4425 1390 1391
4428 1393 1394
4429 1394 1395
4430 1395 1396
4431 1396 1397
4432 1397 1398
4433 1398 1399
4434 1399 1400
4440 1405 1406
4446 1411 1412
4448 1413 1414
4449 1414 1415
4450 1415 1416
4451 1416 1417
4452 1417 1418
4454 1419 1420
4456 1421 1422
4459 1424 1425
4470 1435 1436
4471 1436 1437
4474 1439 1440
4476 1441 1442
4477 1442 1443
4478 1443 1444
4479 1444 1445
4480 1445 1446
4481 1446 1447
4482 1447 1448
4483 1448 1449
4484 1449 1450
4485 1450 1451
4486 1451 1452
4489 1454 1455
4491 1456 1457
4492 1457 1458
4494 1459 1460
4504 1469 1470
4507 1472 1473
4508 1473 1474
4509 1474 1475
4510 1475 1476
4511 1476 1477
4517 1482 1483
4522 1487 1488
4525 1490 1491
4526 1491 1492
4527 1492 1493
4528 1493 1494
4529 1494 1495
4530 1495 1496
4531 1496 1497
4532 1497 1498
4534 1499 1500
4535 1500 1501
4536 1501 1502
4537 1502 1503
4541 1506 1507
4542 1507 1508
4546 1511 1512
4547 1512 1513
4548 1513 1514
4553 1518 1519
4556 1521 1522
4557 1522 1523
4559 1524 1525
4561 1526 1527
4563 1528 1529
4566 1531 1532
4568 1533 1534
4569 1534 1535
4572 1537 1538
4574 1539 1540
4575 1540 1541
4577 1542 1543
4580 1545 1546
4590 1555 1556
4591 1556 1557
4593 1558 1559
4599 1564 1565
4600 1565 1566
4604 1569 1570
4605 1570 1571
4610 1575 1576
4611 1576 1577
4613 1578 1579
4615 1580 1581
4616 1581 1582
4617 1582 1583
4620 1585 1586
4622 1587 1588
4624 1589 1590
4626 1591 1592
4628 1593 1594
4634 1599 1600
4635 1600 1601
4636 1601 1602
4637 1602 1603
4638 1603 1604
4639 1604 1605
4641 1606 1607
4643 1608 1609
4646 1611 1612
4648 1613 1614
4649 1614 1615
4650 1615 1616
4652 1617 1618
4655 1620 1621
4656 1621 1622
4658 1623 1624
4659 1624 1625
4660 1625 1626
4661 1626 1627
4662 1627 1628
4663 1628 1629
4667 1632 1633
4669 1634 1635
4672 1637 1638
4675 1640 1641
4679 1644 1645
4681 1646 1647
4685 1650 1651
4694 1659 1660
4695 1660 1661
4696 1661 1662
4703 1668 1669
4706 1671 1672
4707 1672 1673
4708 1673 1674
4709 1674 1675
4710 1675 1676
4711 1676 1677
4712 1677 1678
4713 1678 1679
4715 1680 1681
4716 1681 1682
4717 1682 1683
4718 1683 1684
4719 1684 1685
4720 1685 1686
4721 1686 1687
4722 1687 1688
4723 1688 1689
4724 1689 1690
4725 1690 1691
4726 1691 1692
4727 1692 1693
4728 1693 1694
4729 1694 1695
4730 1695 1696
4731 1696 1697
4732 1697 1698
4733 1698 1699
4734 1699 1700
4735 1700 1701
4736 1701 1702
4737 1702 1703
4738 1703 1704
4739 1704 1705
4740 1705 1706
4741 1706 1707
4743 1708 1709
4744 1709 1710
4745 1710 1711
4751 1716 1717
4755 1720 1721
4757 1722 1723
4759 1724 1725
4760 1725 1726
4761 1726 1727
4764 1729 1730
4765 1730 1731
4766 1731 1732
4773 1738 1739
4774 1739 1740
4775 1740 1741
4776 1741 1742
4777 1742 1743
4778 1743 1744
4782 1747 1748
4786 1751 1752
4787 1752 1753
4788 1753 1754
4794 1759 1760
4795 1760 1761
4796 1761 1762
4797 1762 1763
4798 1763 1764
4799 1764 1765
4800 1765 1766
4801 1766 1767
4804 1769 1770
4813 1778 1779
4815 1780 1781
4824 1789 1790
4825 1790 1791
4835 1800 1801
4844 1809 1810
4845 1810 1811
4847 1812 1813
4851 1817 1818
4852 1818 1819
4854 1820 1821
4855 1821 1822
4857 1823 1824
4858 1824 1825
4859 1825 1826
4860 1826 1827
4861 1827 1828
4862 1828 1829
4863 1829 1830
4864 1830 1831
4865 1831 1832
4867 1833 1834
4868 1834 1835
4871 1837 1838
4872 1838 1839
4874 1840 1841
4875 1841 1842
4878 1844 1845
4879 1845 1846
4882 1848 1849
4885 1851 1852
4889 1855 1856
4890 1856 1857
4891 1857 1858
4892 1858 1859
4895 1861 1862
4896 1862 1863
4897 1863 1864
4898 1864 1865
4899 1865 1866
4901 1867 1868
4907 1873 1874
4909 1875 1876
4921 1887 1888
4923 1889 1890
4924 1890 1891
4925 1891 1892
4932 1898 1899
4967 1933 1934
4973 1939 1940
4977 1943 1944
4984 1950 1951
4986 1952 1953
4987 1953 1954
4988 1954 1955
4989 1955 1956
4990 1956 1957
4991 1957 1958
4992 1958 1959
4993 1959 1960
4994 1960 1961
4995 1961 1962
4996 1962 1963
5005 1971 1972
5007 1973 1974
5010 1976 1977
5017 1983 1984
5019 1985 1986
5022 1988 1989
5025 1991 1992
5029 1995 1996
5039 2005 2006
5045 2011 2012
5048 2014 2015
5049 2015 2016
5051 2017 2018
5052 2018 2019
5053 2019 2020
5054 2020 2021
5057 2023 2024
5059 2025 2026
5061 2027 2028
5063 2029 2030
5065 2031 2032
5067 2033 2034
5068 2034 2035
5070 2036 2037
5072 2038 2039
5074 2040 2041
5076 2042 2043
5083 2049 2050
5086 2052 2053
5088 2054 2055
5099 2065 2066
5106 2072 2073
5111 2077 2078
5113 2079 2080
5119 2085 2086
5120 2086 2087
5144 2110 2111
5153 2119 2120
5179 2145 2146
5198 2164 2165
5199 2165 2166
5203 2169 2170
5207 2173 2174
5224 2190 2191
5225 2191 2192
5227 2193 2194
5229 2195 2196
5230 2196 2197
5231 2197 2198
5232 2198 2199
5233 2199 2200
5234 2200 2201
5235 2201 2202
5236 2202 2203
5239 2205 2206
5240 2206 2207
5241 2207 2208
5242 2208 2209
5243 2209 2210
5244 2210 2211
5245 2211 2212
5246 2212 2213
5247 2213 2214
5248 2214 2215
5249 2215 2216
5250 2216 2217
5251 2217 2218
5252 2218 2219
5253 2219 2220
5254 2220 2221
5255 2221 2222
5256 2222 2223
5257 2223 2224
5258 2224 2225
5259 2225 2226
5260 2226 2227
5261 2227 2228
5262 2228 2229
5263 2229 2230
5264 2230 2231
5265 2231 2232
5266 2232 2233
5267 2233 2234
5268 2234 2235
5269 2235 2236
5270 2236 2237
5271 2237 2238
5272 2238 2239
5273 2239 2240
5274 2240 2241
5275 2241 2242
5276 2242 2243
5277 2243 2244
5278 2244 2245
5279 2245 2246
5280 2246 2247
5281 2247 2248
5282 2248 2249
5283 2249 2250
5284 2250 2251
5285 2251 2252
5286 2252 2253
5289 2255 2256
5315 2281 2282
5319 2285 2286
5320 2286 2287
5323 2289 2290
5325 2291 2292
5327 2293 2294
5344 2310 2311
5345 2311 2312
5359 2325 2326
5362 2328 2329
5373 2339 2340
5374 2340 2341
5375 2341 2342
5376 2342 2343
5377 2343 2344
5378 2344 2345
5407 2373 2374
5411 2377 2378
5412 2378 2379
5413 2379 2380
5414 2380 2381
5415 2381 2382
5417 2384 2385
5420 2387 2388
5426 2393 2394
5431 2398 2399
5435 2402 2403
5437 2404 2405
5439 2406 2407
5441 2408 2409
5443 2410 2411
5444 2411 2412
5447 2414 2415
5449 2416 2417
5453 2420 2421
5454 2421 2422
5455 2422 2423
5456 2423 2424
5458 2425 2426
5459 2426 2427
5464 2431 2432
5468 2435 2436
5469 2436 2437
5470 2437 2438
5471 2438 2439
5472 2439 2440
5473 2440 2441
5485 2452 2453
5487 2454 2455
5493 2460 2461
5494 2461 2462
5506 2473 2474
5522 2489 2490
5523 2490 2491
5526 2493 2494
5527 2494 2495
5536 2503 2504
5539 2506 2507
5573 2540 2541
5577 2544 2545
5587 2554 2555
5590 2557 2558
5591 2558 2559
5594 2561 2562
5598 2565 2566
5599 2566 2567
5600 2567 2568
5601 2568 2569
5602 2569 2570
5603 2570 2571
5606 2573 2574
5607 2574 2575
5611 2578 2579
5617 2584 2585
5619 2586 2587
5622 2589 2590
5623 2590 2591
5624 2591 2592
5625 2592 2593
5626 2593 2594
5627 2594 2595
5630 2597 2598
5631 2598 2599
5633 2600 2601
5635 2602 2603
5638 2605 2606
5640 2607 2608
5649 2616 2617
5650 2617 2618
5665 2632 2633
5666 2633 2634
5670 2637 2638
5677 2645 2646
5680 2648 2649
5683 2651 2652
5685 2653 2654
5687 2655 2656
5688 2656 2657
5689 2657 2658
5691 2659 2660
5696 2664 2665
5697 2665 2666
5711 2679 2680
5712 2680 2681
5713 2681 2682
5714 2682 2683
5715 2683 2684
5716 2684 2685
5717 2685 2686
5718 2686 2687
5719 2687 2688
5727 2695 2696
5728 2696 2697
5729 2697 2698
5730 2698 2699
5731 2699 2700
5732 2700 2701
5733 2701 2702
5734 2702 2703
5735 2703 2704
5736 2704 2705
5737 2705 2706
5740 2708 2709
5741 2709 2710
5742 2710 2711
5743 2711 2712
5744 2712 2713
5746 2714 2715
5748 2716 2717
5749 2717 2718
5753 2721 2722
5754 2722 2723
5755 2723 2724
5756 2724 2725
5757 2725 2726
5758 2726 2727
5759 2727 2728
5760 2728 2729
5761 2729 2730
5762 2730 2731
5763 2731 2732
5764 2732 2733
5765 2733 2734
5766 2734 2735
5767 2735 2736
5770 2738 2739
5771 2739 2740
5772 2740 2741
5773 2741 2742
5783 2751 2752
5787 2755 2756
5793 2761 2762
5795 2763 2764
5799 2767 2768
5802 2770 2771
5803 2771 2772
5804 2772 2773
5806 2774 2775
5807 2775 2776
5808 2776 2777
5809 2777 2778
5810 2778 2779
5811 2779 2780
5812 2780 2781
5814 2782 2783
5815 2783 2784
5816 2784 2785
5817 2785 2786
5818 2786 2787
5819 2787 2788
5820 2788 2789
5821 2789 2790
5823 2791 2792
5824 2792 2793
5825 2793 2794
5826 2794 2795
5827 2795 2796
5828 2796 2797
5829 2797 2798
5830 2798 2799
5831 2799 2800
5832 2800 2801
5834 2802 2803
5835 2803 2804
5836 2804 2805
5837 2805 2806
5838 2806 2807
5839 2807 2808
5840 2808 2809
5841 2809 2810
5842 2810 2811
5843 2811 2812
5844 2812 2813
5845 2813 2814
5846 2814 2815
5847 2815 2816
5848 2816 2817
5849 2817 2818
5850 2818 2819
5852 2820 2821
5856 2824 2825
5857 2825 2826
5858 2826 2827
5862 2830 2831
5864 2832 2833
5865 2833 2834
5866 2834 2835
5867 2835 2836
5868 2836 2837
5871 2839 2840
5872 2840 2841
5873 2841 2842
5874 2842 2843
5875 2843 2844
5876 2844 2845
5877 2845 2846
5885 2853 2854
5886 2854 2855
5887 2855 2856
5888 2856 2857
5889 2857 2858
5890 2858 2859
5891 2859 2860
5903 2871 2872
5908 2876 2877
5909 2877 2878
5910 2878 2879
5911 2879 2880
5912 2880 2881
5913 2881 2882
5919 2887 2888
5922 2890 2891
5923 2891 2892
5924 2892 2893
5925 2893 2894
5926 2894 2895
5927 2895 2896
5928 2896 2897
5929 2897 2898
5930 2898 2899
5931 2899 2900
5932 2900 2901
5933 2901 2902
5934 2902 2903
5935 2903 2904
5936 2904 2905
5937 2905 2906
5938 2906 2907
5939 2907 2908
5940 2908 2909
5941 2909 2910
5942 2910 2911
5944 2912 2913
5945 2913 2914
5947 2915 2916
5948 2916 2917
5949 2917 2918
5950 2918 2919
5955 2923 2924
5960 2928 2929
5961 2929 2930
5962 2930 2931
5963 2931 2932
5964 2932 2933
5965 2933 2934
5966 2934 2935
5970 2938 2939
5973 2941 2942
5976 2944 2945
5977 2945 2946
5979 2947 2948
5983 2951 2952
5984 2952 2953
5985 2953 2954
5988 2956 2957
5996 2964 2965
5998 2966 2967
6004 2972 2973
6007 2975 2976
6011 2979 2980
6015 2983 2984
6018 2986 2987
6019 2987 2988
6020 2988 2989
6021 2989 2990
6024 2992 2993
6031 2999 3000
6033 3001 3002
6034 3002 3003
6037 3005 3006
6038 3006 3007
6039 3007 3008
6040 3008 3009
6042 3010 3011
6043 3011 3012
6045 3013 3014
6046 3014 3015
6047 3015 3016
6048 3016 3017
6049 3017 3018
6058 3026 3027
6059 3027 3028
6061 3029 3030
6064 3032 3033
6065 3033 3034
6066 3034 3035
6067 3035 3036
6068 3036 3037
6069 3037 3038
6071 3039 3040
6072 3040 3041
6073 3041 3042
6074 3042 3043
6075 3043 3044
6078 3046 3047
6079 3047 3048
6080 3048 3049
6083 3051 3052
6084 3052 3053
6085 3053 3054
6086 3054 3055
6087 3055 3056
6088 3056 3057
6089 3057 3058
6090 3058 3059
6091 3059 3060
6097 3065 3066
6098 3066 3067
6100 3068 3069
6101 3069 3070
6102 3070 3071
6105 3073 3074
6106 3074 3075
6107 3075 3076
6108 3076 3077
6109 3077 3078
6111 3079 3080
6113 3081 3082
6116 3084 3085
6117 3085 3086
6121 3089 3090
6126 3094 3095
6132 3100 3101
6142 3110 3111
6150 3118 3119
6151 3119 3120
6167 3135 3136
6173 3141 3142
6174 3142 3143
6179 3147 3148
6192 3160 3161
6193 3161 3162
6194 3162 3163
6195 3163 3164
6199 3167 3168
6202 3170 3171
6216 3184 3185
6217 3185 3186
6225 3203 3204
6229 3207 3208
6230 3208 3209
6234 3212 3213
6236 3214 3215
6238 3216 3217
6240 3218 3219
6241 3219 3220
6242 3220 3221
6246 3224 3225
6257 3235 3236
6259 3237 3238
6261 3239 3240
6266 3244 3245
6269 3247 3248
6280 3258 3259
6281 3259 3260
6282 3260 3261
6283 3261 3262
6284 3262 3263
6285 3263 3264
6286 3264 3265
6287 3265 3266
6288 3266 3267
6289 3267 3268
6290 3268 3269
6291 3269 3270
6292 3270 3271
6293 3271 3272
6294 3272 3273
6295 3273 3274
6296 3274 3275
6297 3275 3276
6300 3278 3279
6307 3285 3286
6309 3287 3288
6312 3290 3291
6313 3291 3292
6350 3328 3329
6382 3360 3361
6385 3363 3364
6405 3383 3384
6412 3390 3391
6416 3394 3395
6418 3396 3397
6427 3405 3406
6430 3408 3409
6431 3409 3410
6432 3410 3411
6434 3412 3413
6435 3413 3414
6436 3414 3415
6437 3415 3416
6438 3416 3417
6439 3417 3418
6443 3421 3422
6446 3424 3425
6448 3426 3427
6454 3432 3433
6455 3433 3434
6456 3434 3435
6458 3436 3437
6463 3441 3442
6478 3456 3457
6482 3460 3461
6485 3463 3464
6489 3467 3468
6491 3469 3470
6499 3477 3478
6501 3479 3480
6502 3480 3481
6503 3481 3482
6504 3482 3483
6505 3483 3484
6512 3490 3491
6521 3499 3500
6524 3502 3503
6525 3503 3504
6526 3504 3505
6531 3509 3510
6532 3510 3511
6534 3512 3513
6544 3522 3523
6546 3524 3525
6547 3525 3526
6548 3526 3527
6549 3527 3528
6552 3530 3531
6553 3531 3532
6554 3532 3533
6556 3534 3535
6558 3536 3537
6559 3537 3538
6562 3540 3541
6563 3541 3542
6564 3542 3543
6565 3543 3544
6566 3544 3545
6567 3545 3546
6568 3546 3547
6569 3547 3548
6571 3549 3550
6572 3550 3551
6573 3551 3552
6574 3552 3553
6575 3553 3554
6576 3554 3555
6577 3555 3556
6578 3556 3557
6579 3557 3558
6580 3558 3559
6581 3559 3560
6582 3560 3561
6588 3566 3567
6589 3567 3568
6590 3568 3569
6591 3569 3570
6592 3570 3571
6594 3572 3573
6595 3573 3574
6596 3574 3575
6597 3575 3576
6598 3576 3577
6600 3578 3579
6601 3579 3580
6602 3580 3581
6603 3581 3582
6604 3582 3583
6606 3584 3585
6607 3585 3586
6608 3586 3587
6609 3587 3588
6610 3588 3589
6612 3590 3591
6613 3591 3592
6614 3592 3593
6615 3593 3594
6616 3594 3595
6617 3595 3596
6618 3596 3597
6619 3597 3598
6621 3599 3600
6622 3600 3601
6623 3601 3602
6624 3602 3603
6625 3603 3604
6626 3604 3605
6627 3605 3606
6631 3609 3610
6634 3612 3613
6637 3615 3616
6638 3616 3617
6640 3618 3619
6641 3619 3620
6642 3620 3621
6644 3622 3623
6645 3623 3624
6646 3624 3625
6649 3627 3628
6650 3628 3629
6653 3631 3632
6654 3632 3633
6655 3633 3634
6656 3634 3635
6657 3635 3636
6660 3638 3639
6661 3639 3640
6662 3640 3641
6663 3641 3642
6664 3642 3643
6665 3643 3644
6666 3644 3645
6667 3645 3646
6668 3646 3647
6669 3647 3648
6671 3649 3650
6673 3651 3652
6679 3657 3658
6682 3660 3661
6690 3668 3669
6691 3669 3670
6692 3670 3671
6695 3673 3674
6698 3676 3677
6699 3677 3678
6700 3678 3679
6701 3679 3680
6703 3681 3682
6704 3682 3683
6705 3683 3684
6706 3684 3685
6721 3699 3700
6722 3700 3701
6723 3701 3702
6731 3709 3710
6732 3710 3711
6734 3712 3713
6735 3713 3714
6739 3717 3718
6740 3718 3719
6741 3719 3720
6742 3720 3721
6743 3721 3722
6744 3722 3723
6745 3723 3724
6747 3725 3726
6748 3726 3727
6749 3727 3728
6759 3737 3738
6760 3738 3739
6762 3740 3741
6763 3741 3742
6764 3742 3743
6765 3743 3744
6766 3744 3745
6767 3745 3746
6768 3746 3747
6771 3749 3750
6772 3750 3751
6773 3751 3752
6774 3752 3753
6775 3753 3754
6778 3756 3757
6779 3757 3758
6780 3758 3759
6781 3759 3760
6783 3761 3762
6784 3762 3763
6785 3763 3764
6786 3764 3765
6787 3765 3766
6788 3766 3767
6789 3767 3768
6796 3774 3775
6800 3778 3779
6801 3779 3780
6802 3780 3781
6804 3782 3783
6805 3783 3784
6806 3784 3785
6807 3785 3786
6808 3786 3787
6809 3787 3788
6810 3788 3789
6811 3789 3790
6813 3791 3792
6814 3792 3793
6815 3793 3794
6816 3794 3795
6817 3795 3796
6818 3796 3797
6819 3797 3798
6820 3798 3799
6821 3799 3800
6822 3800 3801
6823 3801 3802
6825 3803 3804
6826 3804 3805
6827 3805 3806
6830 3808 3809
6831 3809 3810
6832 3810 3811
6833 3811 3812
6834 3812 3813
6835 3813 3814
6836 3814 3815
6837 3815 3816
6838 3816 3817
6839 3817 3818
6840 3818 3819
6841 3819 3820
6842 3820 3821
6844 3822 3823
6845 3823 3824
6846 3824 3825
6847 3825 3826
6848 3826 3827
6849 3827 3828
6850 3828 3829
6851 3829 3830
6852 3830 3831
6858 3836 3837
6859 3837 3838
6860 3838 3839
6861 3839 3840
6862 3840 3841
6864 3842 3843
6866 3844 3845
6867 3845 3846
6870 3848 3849
6871 3849 3850
6872 3850 3851
6873 3851 3852
6874 3852 3853
6875 3853 3854
6876 3854 3855
6878 3856 3857
6879 3857 3858
6880 3858 3859
6881 3859 3860
6882 3860 3861
6883 3861 3862
6884 3862 3863
6885 3863 3864
6886 3864 3865
6887 3865 3866
6888 3866 3867
6889 3867 3868
6892 3870 3871
6893 3871 3872
6894 3872 3873
6895 3873 3874
6896 3874 3875
6897 3875 3876
6898 3876 3877
6899 3877 3878
6900 3878 3879
6901 3879 3880
6902 3880 3881
6907 3885 3886
6908 3886 3887
6909 3887 3888
6911 3889 3890
6913 3891 3892
6920 3898 3899
6922 3900 3901
6923 3901 3902
6924 3902 3903
6925 3903 3904
6927 3905 3906
6928 3906 3907
6929 3907 3908
6930 3908 3909
6932 3910 3911
6933 3911 3912
6934 3912 3913
6935 3913 3914
6936 3914 3915
6938 3916 3917
6939 3917 3918
6940 3918 3919
6941 3919 3920
6950 3928 3929
6953 3931 3932
6954 3932 3933
6955 3933 3934
6956 3934 3935
6957 3935 3936
6958 3936 3937
6960 3938 3939
6961 3939 3940
6962 3940 3941
6963 3941 3942
6964 3942 3943
6965 3943 3944
6969 3947 3948
6971 3949 3950
6973 3951 3952
6974 3952 3953
6976 3954 3955
6977 3955 3956
6978 3956 3957
6979 3957 3958
6981 3959 3960
6982 3960 3961
6983 3961 3962
6986 3964 3965
6987 3965 3966
6992 3970 3971
6993 3971 3972
6994 3972 3973
6995 3973 3974
6998 3976 3977
6999 3977 3978
7000 3978 3979
7001 3979 3980
7002 3980 3981
7003 3981 3982
7004 3982 3983
7006 3984 3985
7007 3985 3986
7008 3986 3987
7009 3987 3988
7010 3988 3989
7011 3989 3990
7012 3990 3991
7013 3991 3992
7014 3992 3993
7016 3994 3995
7017 3995 3996
7018 3996 3997
7020 3998 3999
7021 3999 4000
7023 4001 4002
7026 4004 4005
7027 4005 4006
7030 4008 4009
7031 4009 4010
7032 4010 4011
7034 4012 4013
7035 4013 4014
7036 4014 4015
7037 4015 4016
7038 4016 4017
7039 4017 4018
7042 4020 4021
7045 4023 4024
7046 4024 4025
7047 4025 4026
7052 4032 4033
7053 4033 4034
7054 4034 4035
7056 4036 4037
7058 4038 4039
7059 4039 4040
7060 4040 4041
7061 4041 4042
7064 4044 4045
7067 4047 4048
7073 4053 4054
7075 4055 4056
7078 4058 4059
7079 4059 4060
7082 4062 4063
7084 4064 4065
7085 4065 4066
7089 4069 4070
7092 4072 4073
7094 4074 4075
7100 4080 4081
7102 4082 4083
7107 4087 4088
7109 4089 4090
7111 4091 4092
7115 4095 4096
7121 4101 4102
7122 4102 4103
7125 4105 4106
7129 4109 4110
7137 4117 4118
7142 4122 4123
7145 4125 4126
7151 4131 4132
7153 4133 4134
7155 4135 4136
7156 4136 4137
7160 4140 4141
7162 4142 4143
7163 4143 4144
7166 4146 4147
7169 4149 4150
7178 4158 4159
7180 4160 4161
7181 4161 4162
7182 4162 4163
7183 4163 4164
7186 4166 4167
7188 4168 4169
7189 4169 4170
7190 4170 4171
7193 4173 4174
7197 4177 4178
7198 4178 4179
7199 4179 4180
7201 4181 4182
7204 4184 4185
7206 4186 4187
7208 4188 4189
7210 4190 4191
7212 4192 4193
7216 4196 4197
7219 4199 4200
7220 4200 4201
7221 4201 4202
7223 4203 4204
7224 4204 4205
7225 4205 4206
7226 4206 4207
7230 4210 4211
7235 4215 4216
7238 4218 4219
7240 4220 4221
7243 4223 4224
7245 4225 4226
7254 4234 4235
7255 4235 4236
7258 4238 4239
7260 4240 4241
7264 4244 4245
7269 4249 4250
7271 4251 4252
7272 4252 4253
7274 4254 4255
7280 4260 4261
7281 4261 4262
7282 4262 4263
7283 4263 4264
7284 4264 4265
7285 4265 4266
7286 4266 4267
7287 4267 4268
7288 4268 4269
7293 4273 4274
7295 4275 4276
7299 4279 4280
7308 4288 4289
7309 4289 4290
7310 4290 4291
7312 4292 4293
7316 4296 4297
7328 4308 4309
7330 4310 4311
7331 4311 4312
7337 4317 4318
7339 4319 4320
7342 4322 4323
7350 4330 4331
7352 4332 4333
7360 4340 4341
7365 4345 4346
7374 4354 4355
7377 4357 4358
7378 4358 4359
7380 4360 4361
7381 4361 4362
7392 4372 4373
7408 4388 4389
7409 4389 4390
7416 4396 4397
7417 4397 4398
7434 4414 4415
7440 4420 4421
7444 4424 4425
7446 4426 4427
7450 4430 4431
7451 4431 4432
7456 4436 4437
7461 4441 4442
7462 4442 4443
7476 4456 4457
7477 4457 4458
7484 4464 4465
7490 4470 4471
7491 4471 4472
7497 4477 4478
7502 4482 4483
7503 4483 4484
7532 4512 4513
7535 4515 4516
7542 4522 4523
7543 4523 4524
7546 4526 4527
7551 4531 4532
7553 4533 4534
7555 4536 4537
7558 4539 4540
7560 4541 4542
7562 4543 4544
7564 4545 4546
7566 4547 4548
7568 4549 4550
7569 4550 4551
7570 4551 4552
7571 4552 4553
7573 4554 4555
7575 4556 4557
7577 4558 4559
7581 4562 4563
7584 4565 4566
7587 4568 4569
7588 4569 4570
7591 4572 4573
7600 4581 4582
7604 4585 4586
7607 4588 4589
7609 4590 4591
7612 4593 4594
7613 4594 4595
7614 4595 4596
7615 4596 4597
7616 4597 4598
7617 4598 4599
7618 4599 4600
7619 4600 4601
7621 4602 4603
7622 4603 4604
7623 4604 4605
7624 4605 4606
7625 4606 4607
7626 4607 4608
7627 4608 4609
7628 4609 4610
7629 4610 4611
7630 4611 4612
7631 4612 4613
7632 4613 4614
7633 4614 4615
7634 4615 4616
7635 4616 4617
7636 4617 4618
7637 4618 4619
7638 4619 4620
7639 4620 4621
7640 4621 4622
7641 4622 4623
7642 4623 4624
7643 4624 4625
7644 4625 4626
7645 4626 4627
7646 4627 4628
7647 4628 4629
7648 4629 4630
7662 4643 4644
7667 4648 4649
7676 4657 4658
7677 4658 4659
7678 4659 4660
7698 4679 4680
7699 4680 4681
7711 4692 4693
7721 4702 4703
7730 4711 4712
7744 4725 4726
7747 4728 4729
7751 4732 4733
7753 4734 4735
7754 4735 4736
7755 4736 4737
7764 4745 4746
7773 4755 4756
7774 4756 4757
7775 4757 4758
7784 4766 4767
7785 4767 4768
7787 4769 4770
7789 4771 4772
7790 4772 4773
7797 4779 4780
7800 4782 4783
7801 4783 4784
7802 4784 4785
7803 4785 4786
7807 4789 4790
7810 4792 4793
7811 4793 4794
7813 4795 4796
7818 4800 4801
7826 4808 4809
7830 4812 4813
7832 4814 4815
7833 4815 4816
7834 4816 4817
7835 4817 4818
7836 4818 4819
7837 4819 4820
7841 4823 4824
7844 4826 4827
7848 4832 4833
7849 4833 4834
7852 4836 4837
7855 4839 4840
7857 4841 4842
7859 4843 4844
7863 4847 4848
7865 4849 4850
7867 4851 4852
7868 4852 4853
7869 4853 4854
7871 4855 4856
7874 4858 4859
7888 4872 4873
7890 4874 4875
7893 4877 4878
7902 4886 4887
7914 4898 4899
7935 4919 4920
7937 4921 4922
7938 4922 4923
7939 4923 4924
7943 4927 4928
7946 4930 4931
7950 4934 4935
7953 4937 4938
7954 4938 4939
7965 4949 4950
7968 4952 4953
7971 4955 4956
7975 4959 4960
7977 4961 4962
7978 4962 4963
7980 4964 4965
7982 4966 4967
7986 4970 4971
7988 4972 4973
7989 4973 4974
7998 4982 4983
8000 4984 4985
8001 4985 4986
8018 5002 5003
8029 5013 5014
8031 5015 5016
8036 5020 5021
8039 5023 5024
8045 5029 5030
8051 5035 5036
8055 5039 5040
8057 5041 5042
8059 5043 5044
8064 5048 5049
8068 5052 5053
8070 5054 5055
8072 5056 5057
8076 5060 5061
8083 5067 5068
8098 5082 5083
8107 5091 5092
8111 5095 5096
8112 5096 5097
8115 5099 5100
8118 5102 5103
8122 5106 5107
8123 5107 5108
8125 5109 5110
8126 5110 5111
8127 5111 5112
8128 5112 5113
8129 5113 5114
8130 5114 5115
8131 5115 5116
8134 5118 5119
8139 5123 5124
8141 5125 5126
8142 5126 5127
8151 5135 5136
8153 5137 5138
8161 5145 5146
8164 5148 5149
8167 5151 5152
8169 5153 5154
8171 5155 5156
8185 5169 5170
8203 5187 5188
8217 5201 5202
8218 5202 5203
8222 5206 5207
8235 5219 5220
8236 5220 5221
8237 5221 5222
8238 5222 5223
8241 5225 5226
8242 5226 5227
8243 5227 5228
8246 5230 5231
8247 5231 5232
8248 5232 5233
8250 5234 5235
8258 5242 5243
8263 5247 5248
8266 5250 5251
8269 5253 5254
8273 5257 5258
8276 5260 5261
8283 5267 5268
8290 5274 5275
8294 5278 5279
8295 5279 5280
8296 5280 5281
8302 5286 5287
8304 5288 5289
8306 5290 5291
8307 5291 5292
8308 5292 5293
8309 5293 5294
8310 5294 5295
8311 5295 5296
8312 5296 5297
8313 5297 5298
8314 5298 5299
8315 5299 5300
8316 5300 5301
8325 5309 5310
8328 5312 5313
8333 5317 5318
8338 5322 5323
8339 5323 5324
8343 5327 5328
8345 5329 5330
8347 5331 5332
8350 5334 5335
8352 5336 5337
8354 5338 5339
8355 5339 5340
8357 5341 5342
8359 5343 5344
8362 5346 5347
8365 5349 5350
8366 5350 5351
8373 5357 5358
8376 5360 5361
8377 5361 5362
8378 5362 5363
8379 5363 5364
8381 5365 5366
8382 5366 5367
8383 5367 5368
8384 5368 5369
8385 5369 5370
8391 5375 5376
8405 5389 5390
8415 5399 5400
8423 5407 5408
8426 5410 5411
8430 5414 5415
8434 5418 5419
8436 5420 5421
8437 5421 5422
8449 5433 5434
8455 5439 5440
8457 5441 5442
8460 5444 5445
8464 5448 5449
8465 5449 5450
8466 5450 5451
8471 5455 5456
8475 5459 5460
8476 5460 5461
8477 5461 5462
8479 5463 5464
8480 5464 5465
8481 5465 5466
8482 5466 5467
8484 5468 5469
8490 5474 5475
8491 5475 5476
8497 5481 5482
8498 5482 5483
8502 5486 5487
8506 5490 5491
8507 5491 5492
8508 5492 5493
8510 5494 5495
8517 5501 5502
8520 5504 5505
8527 5511 5512
8529 5513 5514
8531 5515 5516
8547 5531 5532
8548 5532 5533
8551 5535 5536
8552 5536 5537
8554 5538 5539
8556 5540 5541
8559 5543 5544
8561 5545 5546
8569 5553 5554
8570 5554 5555
8582 5566 5567
8594 5578 5579
8607 5591 5592
8612 5596 5597
8623 5607 5608
8624 5608 5609
8625 5609 5610
8627 5611 5612
8628 5612 5613
8630 5614 5615
8632 5616 5617
8635 5619 5620
8637 5621 5622
8641 5625 5626
8643 5627 5628
8646 5630 5631
8656 5640 5641
8657 5641 5642
8658 5642 5643
8660 5644 5645
8667 5651 5652
8679 5663 5664
8682 5666 5667
8685 5669 5670
8691 5675 5676
8702 5686 5687
8712 5696 5697
8714 5698 5699
8718 5702 5703
8723 5707 5708
8727 5711 5712
8730 5714 5715
8731 5715 5716
8732 5716 5717
8733 5717 5718
8744 5728 5729
8752 5736 5737
8755 5739 5740
8760 5744 5745
8763 5747 5748
8766 5750 5751
8767 5751 5752
8768 5752 5753
8771 5755 5756
8774 5758 5759
8783 5767 5768
8784 5768 5769
8785 5769 5770
8788 5772 5773
8789 5773 5774
8790 5774 5775
8802 5786 5787
8809 5793 5794
8811 5795 5796
8828 5812 5813
8839 5823 5824
8848 5832 5833
8849 5833 5834
8851 5835 5836
8852 5836 5837
8853 5837 5838
8855 5839 5840
8858 5842 5843
8862 5846 5847
8866 5850 5851
8868 5852 5853
8872 5856 5857
8873 5857 5858
8876 5860 5861
8877 5861 5862
8879 5863 5864
8881 5865 5866
8886 5870 5871
8887 5871 5872
8890 5874 5875
8892 5876 5877
8894 5878 5879
8895 5879 5880
8900 5884 5885
8901 5885 5886
8902 5886 5887
8908 5892 5893
8910 5894 5895
8911 5895 5896
8912 5896 5897
8916 5900 5901
8918 5902 5903
8921 5905 5906
8929 5913 5914
8940 5924 5925
8944 5928 5929
8951 5935 5936
8952 5936 5937
8953 5937 5938
8954 5938 5939
8955 5939 5940
8956 5940 5941
8957 5941 5942
8958 5942 5943
8962 5946 5947
8968 5952 5953
8973 5957 5958
8975 5959 5960
8976 5960 5961
8986 5970 5971
8987 5971 5972
8990 5974 5975
9011 5995 5996
9014 5998 5999
9015 5999 6000
9022 6006 6007
9024 6008 6009
9028 6012 6013
9030 6014 6015
9033 6017 6018
9035 6019 6020
9036 6020 6021
9039 6023 6024
9040 6024 6025
9043 6027 6028
9052 6036 6037
9054 6038 6039
9057 6041 6042
9070 6054 6055
9074 6058 6059
9091 6075 6076
9095 6079 6080
9098 6082 6083
9104 6088 6089
9106 6090 6091
9117 6101 6102
9121 6105 6106
9136 6120 6121
9139 6123 6124
9142 6126 6127
9144 6128 6129
9145 6129 6130
9149 6133 6134
9151 6135 6136
9153 6137 6138
9156 6140 6141
9168 6152 6153
9179 6163 6164
9184 6168 6169
9196 6180 6181
9198 6182 6183
9204 6188 6189
9208 6192 6193
9225 6209 6210
9227 6211 6212
9228 6212 6213
9230 6214 6215
9232 6216 6217
9234 6218 6219
9237 6221 6222
9246 6230 6231
9251 6235 6236
9254 6238 6239
9255 6239 6240
9259 6243 6244
9261 6245 6246
9267 6251 6252
9268 6252 6253
9273 6257 6258
9274 6258 6259
9280 6264 6265
9282 6266 6267
9285 6269 6270
9289 6273 6274
9291 6275 6276
9293 6277 6278
9295 6279 6280
9297 6281 6282
9300 6284 6285
9302 6286 6287
9309 6293 6294
9311 6295 6296
9313 6297 6298
9315 6299 6300
9318 6302 6303
9324 6308 6309
9326 6310 6311
9328 6312 6313
9329 6313 6314
9330 6314 6315
9334 6318 6319
9335 6319 6320
9337 6321 6322
9338 6322 6323
9342 6326 6327
9343 6327 6328
9344 6328 6329
9347 6331 6332
9348 6332 6333
9352 6336 6337
9353 6337 6338
9356 6340 6341
9369 6353 6354
9370 6354 6355
9371 6355 6356
9373 6357 6358
9374 6358 6359
9375 6359 6360
9377 6361 6362
9378 6362 6363
9380 6364 6365
9381 6365 6366
9383 6367 6368
9385 6369 6370
9386 6370 6371
9387 6371 6372
9389 6373 6374
9390 6374 6375
9392 6376 6377
9393 6377 6378
9394 6378 6379
9396 6380 6381
9398 6382 6383
9402 6386 6387
9413 6397 6398
9414 6398 6399
9416 6400 6401
9417 6401 6402
9419 6403 6404
9423 6407 6408
9424 6408 6409
9425 6409 6410
9429 6413 6414
9438 6422 6423
9439 6423 6424
9440 6424 6425
9441 6425 6426
9444 6428 6429
9454 6438 6439
9462 6446 6447
9464 6448 6449
9468 6452 6453
9471 6455 6456
9486 6470 6471
9487 6471 6472
9491 6475 6476
9492 6476 6477
9504 6488 6489
9515 6499 6500
9517 6501 6502
9519 6503 6504
9523 6507 6508
9524 6508 6509
9526 6510 6511
9527 6511 6512
9528 6512 6513
9529 6513 6514
9530 6514 6515
9538 6522 6523
9541 6525 6526
9545 6529 6530
9547 6531 6532
9552 6536 6537
9555 6539 6540
9556 6540 6541
9557 6541 6542
9558 6542 6543
9559 6543 6544
9560 6544 6545
9561 6545 6546
9564 6548 6549
9566 6550 6551
9567 6551 6552
9568 6552 6553
9569 6553 6554
9570 6554 6555
9571 6555 6556
9575 6559 6560
9576 6560 6561
9577 6561 6562
9578 6562 6563
9579 6563 6564
9580 6564 6565
9582 6566 6567
9584 6568 6569
9585 6569 6570
9586 6570 6571
9592 6576 6577
9594 6578 6579
9601 6585 6586
9605 6589 6590
9607 6591 6592
9608 6592 6593
9616 6600 6601
9617 6601 6602
9620 6604 6605
9622 6606 6607
9630 6614 6615
9631 6615 6616
9634 6618 6619
9636 6620 6621
9637 6621 6622
9638 6622 6623
9639 6623 6624
9640 6624 6625
9641 6625 6626
9646 6630 6631
9647 6631 6632
9648 6632 6633
9649 6633 6634
9652 6636 6637
9653 6637 6638
9654 6638 6639
9655 6639 6640
9656 6640 6641
9674 6658 6659
9679 6663 6664
9680 6664 6665
9687 6671 6672
9688 6672 6673
9696 6680 6681
9697 6681 6682
9699 6683 6684
9709 6693 6694
9711 6695 6696
9713 6697 6698
9714 6698 6699
9715 6699 6700
9718 6702 6703
9719 6703 6704
9720 6704 6705
9721 6705 6706
9723 6707 6708
9724 6708 6709
9725 6709 6710
9727 6711 6712
9728 6712 6713
9732 6716 6717
9733 6717 6718
9735 6719 6720
9736 6720 6721
9741 6725 6726
9742 6726 6727
9746 6730 6731
9747 6731 6732
9749 6733 6734
9751 6735 6736
9752 6736 6737
9753 6737 6738
9757 6741 6742
9759 6743 6744
9762 6746 6747
9766 6750 6751
9769 6753 6754
9771 6755 6756
9772 6756 6757
9781 6765 6766
9782 6766 6767
9790 6774 6775
9792 6776 6777
9794 6778 6779
9795 6779 6780
9799 6783 6784
9801 6785 6786
9805 6789 6790
9807 6791 6792
9809 6793 6794
9810 6794 6795
9812 6796 6797
9815 6799 6800
9817 6801 6802
9825 6809 6810
9826 6810 6811
9830 6814 6815
9832 6816 6817
9840 6824 6825
9842 6826 6827
9847 6831 6832
9848 6832 6833
9849 6833 6834
9853 6837 6838
9854 6838 6839
9855 6839 6840
9856 6840 6841
9857 6841 6842
9858 6842 6843
9861 6845 6846
9864 6848 6849
9867 6851 6852
9872 6856 6857
9875 6859 6860
9879 6863 6864
9881 6865 6866
9883 6867 6868
9893 6877 6878
9894 6878 6879
9895 6879 6880
9898 6882 6883
9916 6900 6901
9919 6903 6904
9921 6905 6906
9924 6908 6909
9925 6909 6910
9926 6910 6911
9927 6911 6912
9934 6918 6919
9960 6944 6945
9961 6945 6946
9962 6946 6947
9963 6947 6948
9965 6949 6950
9966 6950 6951
9968 6952 6953
9970 6954 6955
9971 6955 6956
9977 6961 6962
9980 6964 6965
9982 6966 6967
9984 6968 6969
9986 6970 6971
9991 6975 6976
9995 6979 6980
10009 6993 6994
10030 7014 7015
10034 7018 7019
10039 7023 7024
10044 7028 7029
10047 7031 7032
10048 7032 7033
10049 7033 7034
10051 7035 7036
10052 7036 7037
10053 7037 7038
10054 7038 7039
10057 7041 7042
10058 7042 7043
10059 7043 7044
10063 7047 7048
10064 7048 7049
10067 7051 7052
10068 7052 7053
10070 7054 7055
10073 7057 7058
10078 7062 7063
10080 7064 7065
10082 7066 7067
10084 7068 7069
10086 7070 7071
10088 7072 7073
10090 7074 7075
10092 7076 7077
10094 7078 7079
10098 7082 7083
10102 7086 7087
10104 7088 7089
10110 7094 7095
10113 7097 7098
10115 7099 7100
10118 7102 7103
10119 7103 7104
10120 7104 7105
10122 7106 7107
10123 7107 7108
10124 7108 7109
10125 7109 7110
10126 7110 7111
10128 7112 7113
10129 7113 7114
10130 7114 7115
10131 7115 7116
10132 7116 7117
10133 7117 7118
10134 7118 7119
10135 7119 7120
10136 7120 7121
10137 7121 7122
10138 7122 7123
10139 7123 7124
10140 7124 7125
10141 7125 7126
10142 7126 7127
10154 7138 7139
10155 7139 7140
10156 7140 7141
10157 7141 7142
10158 7142 7143
10159 7143 7144
10160 7144 7145
10161 7145 7146
10162 7146 7147
10163 7147 7148
10164 7148 7149
10165 7149 7150
10168 7152 7153
10169 7153 7154
10173 7157 7158
10180 7164 7165
10181 7165 7166
10185 7169 7170
10190 7174 7175
10195 7179 7180
10197 7181 7182
10201 7185 7186
10209 7193 7194
10215 7199 7200
10219 7203 7204
10220 7204 7205
10221 7205 7206
10223 7207 7208
10232 7216 7217
10235 7219 7220
10237 7221 7222
10238 7222 7223
10240 7224 7225
10241 7225 7226
10242 7226 7227
10244 7228 7229
10245 7229 7230
10246 7230 7231
10247 7231 7232
10249 7233 7234
10250 7234 7235
10255 7239 7240
10256 7240 7241
10257 7241 7242
10258 7242 7243
10261 7245 7246
10262 7246 7247
10263 7247 7248
10265 7249 7250
10266 7250 7251
10267 7251 7252
10269 7253 7254
10271 7255 7256
10272 7256 7257
10275 7259 7260
10277 7261 7262
10278 7262 7263
10279 7263 7264
10280 7264 7265
10281 7265 7266
10283 7267 7268
10286 7270 7271
10294 7278 7279
10295 7279 7280
10300 7284 7285
10301 7285 7286
10303 7287 7288
10304 7288 7289
10305 7289 7290
10306 7290 7291
10307 7291 7292
10308 7292 7293
10310 7294 7295
10311 7295 7296
10312 7296 7297
10313 7297 7298
10314 7298 7299
10315 7299 7300
10316 7300 7301
10317 7301 7302
10319 7303 7304
10320 7304 7305
10321 7305 7306
10322 7306 7307
10323 7307 7308
10324 7308 7309
10325 7309 7310
10326 7310 7311
10328 7312 7313
10329 7313 7314
10330 7314 7315
10331 7315 7316
10332 7316 7317
10333 7317 7318
10335 7319 7320
10336 7320 7321
10337 7321 7322
10338 7322 7323
10339 7323 7324
10340 7324 7325
10341 7325 7326
10342 7326 7327
10343 7327 7328
10344 7328 7329
10345 7329 7330
10347 7331 7332
10348 7332 7333
10349 7333 7334
10350 7334 7335
10351 7335 7336
10352 7336 7337
10353 7337 7338
10355 7339 7340
10356 7340 7341
10357 7341 7342
10358 7342 7343
10359 7343 7344
10360 7344 7345
10361 7345 7346
10363 7347 7348
10364 7348 7349
10365 7349 7350
10366 7350 7351
10367 7351 7352
10368 7352 7353
10369 7353 7354
10370 7354 7355
10371 7355 7356
10372 7356 7357
10373 7357 7358
10375 7359 7360
10376 7360 7361
10377 7361 7362
10378 7362 7363
10379 7363 7364
10380 7364 7365
10381 7365 7366
10382 7366 7367
10383 7367 7368
10384 7368 7369
10386 7370 7371
10387 7371 7372
10388 7372 7373
10389 7373 7374
10390 7374 7375
10391 7375 7376
10392 7376 7377
10393 7377 7378
10394 7378 7379
10395 7379 7380
10396 7380 7381
10397 7381 7382
10398 7382 7383
10399 7383 7384
10400 7384 7385
10401 7385 7386
10402 7386 7387
10404 7388 7389
10405 7389 7390
10406 7390 7391
10407 7391 7392
10408 7392 7393
10409 7393 7394
10410 7394 7395
10411 7395 7396
10412 7396 7397
10413 7397 7398
10414 7398 7399
10415 7399 7400
10416 7400 7401
10417 7401 7402
10418 7402 7403
10420 7404 7405
10421 7405 7406
10422 7406 7407
10423 7407 7408
10424 7408 7409
10425 7409 7410
10426 7410 7411
10427 7411 7412
10428 7412 7413
10429 7413 7414
10431 7415 7416
10432 7416 7417
10433 7417 7418
10434 7418 7419
10435 7419 7420
10436 7420 7421
10437 7421 7422
10438 7422 7423
10439 7423 7424
10440 7424 7425
10442 7426 7427
10445 7429 7430
10448 7432 7433
10449 7433 7434
10451 7435 7436
10452 7436 7437
10458 7442 7443
10462 7446 7447
10463 7447 7448
10466 7450 7451
10469 7453 7454
10476 7460 7461
10477 7461 7462
10479 7463 7464
10480 7464 7465
10481 7465 7466
10485 7469 7470
10489 7473 7474
10494 7478 7479
10497 7481 7482
10498 7482 7483
10500 7484 7485
10504 7488 7489
10508 7492 7493
10515 7499 7500
10518 7502 7503
10519 7503 7504
10520 7504 7505
10521 7505 7506
10522 7506 7507
10525 7509 7510
10526 7510 7511
10527 7511 7512
10528 7512 7513
10531 7515 7516
10533 7517 7518
10534 7518 7519
10535 7519 7520
10538 7522 7523
10539 7523 7524
10545 7529 7530
10552 7536 7537
10553 7537 7538
10557 7541 7542
10566 7550 7551
10581 7565 7566
10583 7567 7568
10584 7568 7569
10586 7570 7571
10588 7572 7573
10590 7574 7575
10594 7578 7579
10601 7585 7586
10604 7588 7589
10605 7589 7590
10609 7593 7594
10611 7595 7596
10612 7596 7597
10613 7597 7598
10615 7599 7600
10616 7600 7601
10617 7601 7602
10618 7602 7603
10619 7603 7604
10620 7604 7605
10621 7605 7606
10623 7607 7608
10624 7608 7609
10625 7609 7610
10627 7611 7612
10628 7612 7613
10629 7613 7614
10630 7614 7615
10631 7615 7616
10633 7617 7618
10634 7618 7619
10635 7619 7620
10636 7620 7621
10637 7621 7622
10638 7622 7623
10641 7625 7626
10645 7629 7630
10646 7630 7631
10649 7633 7634
10650 7634 7635
10651 7635 7636
10653 7637 7638
10655 7639 7640
10658 7642 7643
10662 7646 7647
10663 7647 7648
10664 7648 7649
10666 7650 7651
10667 7651 7652
10668 7652 7653
10669 7653 7654
10670 7654 7655
10672 7656 7657
10673 7657 7658
10675 7659 7660
10676 7660 7661
10677 7661 7662
10678 7662 7663
10679 7663 7664
10680 7664 7665
10681 7665 7666
10682 7666 7667
10683 7667 7668
10684 7668 7669
10685 7669 7670
10687 7671 7672
10688 7672 7673
10689 7673 7674
10690 7674 7675
10691 7675 7676
10692 7676 7677
10693 7677 7678
10694 7678 7679
10696 7680 7681
10697 7681 7682
10698 7682 7683
10699 7683 7684
10700 7684 7685
10701 7685 7686
10702 7686 7687
10703 7687 7688
10704 7688 7689
10705 7689 7690
10710 7694 7695
10711 7695 7696
10712 7696 7697
10713 7697 7698
10714 7698 7699
10715 7699 7700
10716 7700 7701
10717 7701 7702
10718 7702 7703
10719 7703 7704
10721 7705 7706
10722 7706 7707
10723 7707 7708
10724 7708 7709
10727 7711 7712
10731 7715 7716
10734 7718 7719
10735 7719 7720
10739 7723 7724
10740 7724 7725
10741 7725 7726
10742 7726 7727
10743 7727 7728
10744 7728 7729
10747 7731 7732
10748 7732 7733
10750 7734 7735
10751 7735 7736
10752 7736 7737
10753 7737 7738
10754 7738 7739
10755 7739 7740
10756 7740 7741
10757 7741 7742
10759 7743 7744
10762 7746 7747
10763 7747 7748
10765 7749 7750
10768 7752 7753
10771 7755 7756
10772 7756 7757
10773 7757 7758
10774 7758 7759
10776 7760 7761
10782 7766 7767
10783 7767 7768
10787 7771 7772
10789 7773 7774
10790 7774 7775
10793 7777 7778
10794 7778 7779
10799 7783 7784
10800 7784 7785
10802 7786 7787
10803 7787 7788
10806 7790 7791
10810 7794 7795
10813 7797 7798
10815 7799 7800
10816 7800 7801
10817 7801 7802
10820 7804 7805
10822 7806 7807
10824 7808 7809
10826 7810 7811
10828 7812 7813
10830 7814 7815
10832 7816 7817
10834 7818 7819
10836 7820 7821
10838 7822 7823
10840 7824 7825
10842 7826 7827
10844 7828 7829
10846 7830 7831
10848 7832 7833
10850 7834 7835
10852 7836 7837
10854 7838 7839
10856 7840 7841
10857 7841 7842
10860 7844 7845
10861 7845 7846
10863 7847 7848
10864 7848 7849
10865 7849 7850
10866 7850 7851
10867 7851 7852
10869 7853 7854
10872 7856 7857
10879 7863 7864
10884 7868 7869
10886 7870 7871
10891 7875 7876
10894 7878 7879
10895 7879 7880
10896 7880 7881
10897 7881 7882
10901 7885 7886
10910 7894 7895
10912 7896 7897
10913 7897 7898
10921 7905 7906
10922 7906 7907
10924 7908 7909
10926 7910 7911
10927 7911 7912
10928 7912 7913
10945 7929 7930
10953 7937 7938
10957 7941 7942
10958 7942 7943
10967 7951 7952
10971 7955 7956
10972 7956 7957
10986 7970 7971
10997 7981 7982
11002 7986 7987
11005 7989 7990
11006 7990 7991
11007 7991 7992
11009 7993 7994
11010 7994 7995
11011 7995 7996
11012 7996 7997
11013 7997 7998
11022 8006 8007
11024 8008 8009
11026 8010 8011
11029 8013 8014
11031 8015 8016
11033 8017 8018
11036 8020 8021
11038 8022 8023
11041 8025 8026
11045 8029 8030
11053 8037 8038
11054 8038 8039
11061 8045 8046
11063 8047 8048
11069 8053 8054
11070 8054 8055
11071 8055 8056
11073 8057 8058
11075 8059 8060
11077 8061 8062
11080 8067 8068
11081 8068 8069
11082 8069 8070
11083 8070 8071
11084 8071 8072
11085 8072 8073
11087 8074 8075
11088 8075 8076
11090 8077 8078
11092 8079 8080
11094 8081 8082
11096 8083 8084
11098 8085 8086
11103 8090 8091
11105 8092 8093
11106 8093 8094
11107 8094 8095
11108 8095 8096
11109 8096 8097
11110 8097 8098
11112 8099 8100
11113 8100 8101
11114 8101 8102
11115 8102 8103
11116 8103 8104
11117 8104 8105
11118 8105 8106
11119 8106 8107
11120 8107 8108
11121 8108 8109
11122 8109 8110
11123 8110 8111
11125 8112 8113
11126 8113 8114
11127 8114 8115
11128 8115 8116
11129 8116 8117
11130 8117 8118
11131 8118 8119
11132 8119 8120
11133 8120 8121
11135 8122 8123
11136 8123 8124
11138 8125 8126
11140 8127 8128
11141 8128 8129
11144 8131 8132
11145 8132 8133
11147 8134 8135
11148 8135 8136
11149 8136 8137
11150 8137 8138
11151 8138 8139
11152 8139 8140
11153 8140 8141
11154 8141 8142
11155 8142 8143
11156 8143 8144
11157 8144 8145
11158 8145 8146
11160 8147 8148
11162 8149 8150
11164 8151 8152
11165 8152 8153
11166 8153 8154
11167 8154 8155
11168 8155 8156
11169 8156 8157
11170 8157 8158
11171 8158 8159
11172 8159 8160
11173 8160 8161
11174 8161 8162
11175 8162 8163
11176 8163 8164
11177 8164 8165
11178 8165 8166
11179 8166 8167
11180 8167 8168
11181 8168 8169
11182 8169 8170
11183 8170 8171
11184 8171 8172
11185 8172 8173
11186 8173 8174
11187 8174 8175
11189 8176 8177
11190 8177 8178
11191 8178 8179
11192 8179 8180
11193 8180 8181
11194 8181 8182
11195 8182 8183
11196 8183 8184
11197 8184 8185
11198 8185 8186
11199 8186 8187
11200 8187 8188
11201 8188 8189
11202 8189 8190
11203 8190 8191
11204 8191 8192
11205 8192 8193
11206 8193 8194
11207 8194 8195
11208 8195 8196
11209 8196 8197
11210 8197 8198
11211 8198 8199
11212 8199 8200
11213 8200 8201
11214 8201 8202
11215 8202 8203
11216 8203 8204
11218 8205 8206
11219 8206 8207
11221 8208 8209
11222 8209 8210
11223 8210 8211
11224 8211 8212
11225 8212 8213
11226 8213 8214
11227 8214 8215
11228 8215 8216
11229 8216 8217
11230 8217 8218
11231 8218 8219
11232 8219 8220
11233 8220 8221
11234 8221 8222
11235 8222 8223
11236 8223 8224
11237 8224 8225
11238 8225 8226
11239 8226 8227
11240 8227 8228
11242 8229 8230
11243 8230 8231
11244 8231 8232
11245 8232 8233
11246 8233 8234
11247 8234 8235
11248 8235 8236
11249 8236 8237
11250 8237 8238
11251 8238 8239
11252 8239 8240
11253 8240 8241
11254 8241 8242
11255 8242 8243
11256 8243 8244
11257 8244 8245
11258 8245 8246
11259 8246 8247
11260 8247 8248
11261 8248 8249
11262 8249 8250
11263 8250 8251
11264 8251 8252
11265 8252 8253
11266 8253 8254
11267 8254 8255
11268 8255 8256
11270 8257 8258
11271 8258 8259
11272 8259 8260
11273 8260 8261
11274 8261 8262
11275 8262 8263
11276 8263 8264
11277 8264 8265
11278 8265 8266
11279 8266 8267
11280 8267 8268
11281 8268 8269
11282 8269 8270
11283 8270 8271
11285 8272 8273
11286 8273 8274
11287 8274 8275
11288 8275 8276
11289 8276 8277
11290 8277 8278
11291 8278 8279
11292 8279 8280
11293 8280 8281
11294 8281 8282
11295 8282 8283
11296 8283 8284
11297 8284 8285
11298 8285 8286
11299 8286 8287
11300 8287 8288
11301 8288 8289
11303 8290 8291
11304 8291 8292
11305 8292 8293
11306 8293 8294
11307 8294 8295
11308 8295 8296
11309 8296 8297
11310 8297 8298
11311 8298 8299
11312 8299 8300
11313 8300 8301
11314 8301 8302
11315 8302 8303
11317 8304 8305
11318 8305 8306
11319 8306 8307
11320 8307 8308
11321 8308 8309
11322 8309 8310
11323 8310 8311
11324 8311 8312
11325 8312 8313
11326 8313 8314
11327 8314 8315
11328 8315 8316
11329 8316 8317
11330 8317 8318
11331 8318 8319
11332 8319 8320
11333 8320 8321
11334 8321 8322
11335 8322 8323
11336 8323 8324
11337 8324 8325
11338 8325 8326
11339 8326 8327
11340 8327 8328
11341 8328 8329
11342 8329 8330
11343 8330 8331
11344 8331 8332
11345 8332 8333
11346 8333 8334
11347 8334 8335
11348 8335 8336
11349 8336 8337
11350 8337 8338
11351 8338 8339
11352 8339 8340
11353 8340 8341
11355 8342 8343
11356 8343 8344
11357 8344 8345
11358 8345 8346
11359 8346 8347
11360 8347 8348
11361 8348 8349
11362 8349 8350
11363 8350 8351
11364 8351 8352
11365 8352 8353
11366 8353 8354
11367 8354 8355
11368 8355 8356
11369 8356 8357
11370 8357 8358
11371 8358 8359
11372 8359 8360
11373 8360 8361
11374 8361 8362
11375 8362 8363
11376 8363 8364
11377 8364 8365
11378 8365 8366
11379 8366 8367
11380 8367 8368
11381 8368 8369
11382 8369 8370
11383 8370 8371
11384 8371 8372
11385 8372 8373
11386 8373 8374
11387 8374 8375
11389 8376 8377
11390 8377 8378
11392 8379 8380
11393 8380 8381
11394 8381 8382
11396 8411 8412
11397 8412 8414
11399 8415 8416
11400 8416 8417
11401 8417 8418
11402 8418 8419
11403 8419 8420
11404 8420 8421
11405 8421 8422
11406 8422 8423
11407 8423 8424
11408 8424 8425
11409 8425 8426
11410 8426 8427
11411 8427 8428
11412 8428 8429
11413 8429 8430
11414 8430 8431
11415 8431 8432
11416 8432 8433
11417 8433 8434
11418 8434 8435
11419 8435 8436
11420 8436 8437
11421 8437 8438
11422 8438 8439
11423 8439 8440
11425 8441 8442
11426 8442 8443
11427 8443 8444
11428 8444 8445
11429 8445 8446
11430 8446 8447
11431 8447 8448
11432 8448 8449
11433 8449 8450
11434 8450 8451
11435 8451 8452
11436 8452 8453
11437 8453 8454
11438 8454 8455
11439 8455 8456
11440 8456 8457
11441 8457 8458
11442 8458 8459
11443 8459 8460
11444 8460 8461
11445 8461 8462
11446 8462 8463
11447 8463 8464
11448 8464 8465
11449 8465 8466
11450 8466 8467
11451 8467 8468
11452 8468 8469
11454 8470 8471
11455 8471 8472
11456 8472 8473
11457 8473 8474
11458 8474 8475
11459 8475 8476
11460 8476 8477
11461 8477 8478
11462 8478 8479
11463 8479 8480
11464 8480 8481
11465 8481 8482
11466 8482 8483
11467 8483 8484
11468 8484 8485
11469 8485 8486
11470 8486 8487
11471 8487 8488
11472 8488 8489
11473 8489 8490
11474 8490 8491
11475 8491 8492
11476 8492 8493
11477 8493 8494
11478 8494 8495
11479 8495 8496
11480 8496 8497
11481 8497 8498
11482 8498 8499
11483 8499 8500
11484 8500 8501
11485 8501 8502
11486 8502 8503
11488 8504 8505
11489 8505 8506
11490 8506 8507
11491 8507 8508
11492 8508 8509
11493 8509 8510
11494 8510 8511
11495 8511 8512
11496 8512 8513
11497 8513 8514
11498 8514 8515
11499 8515 8516
11500 8516 8517
11501 8517 8518
11502 8518 8519
11503 8519 8520
11504 8520 8521
11505 8521 8522
11506 8522 8523
11507 8523 8524
11508 8524 8525
11509 8525 8526
11510 8526 8527
11511 8527 8528
11512 8528 8529
11513 8529 8530
11514 8530 8531
11515 8531 8532
11516 8532 8533
11517 8533 8534
11518 8534 8535
11519 8535 8536
11520 8536 8537
11521 8537 8538
11522 8538 8539
11524 8540 8541
11525 8541 8542
11526 8542 8543
11527 8543 8544
11528 8544 8545
11529 8545 8546
11530 8546 8547
11532 8548 8549
11535 8551 8552
11536 8552 8553
11537 8553 8554
11539 8555 8556
11540 8556 8557
11541 8557 8558
11542 8558 8559
11554 8570 8571
11558 8574 8575
11560 8576 8577
11562 8578 8579
11565 8581 8582
11566 8582 8583
11569 8585 8586
11570 8586 8587
11572 8588 8589
11573 8589 8590
11576 8592 8593
11577 8593 8594
11581 8597 8598
11583 8599 8600
11584 8600 8601
11589 8605 8606
11591 8607 8608
11592 8608 8609
11593 8609 8610
11595 8611 8612
11598 8614 8615
11603 8619 8620
11604 8620 8621
11605 8621 8622
11606 8622 8623
11608 8624 8625
11609 8625 8626
11610 8626 8627
11612 8628 8629
11613 8629 8630
11614 8630 8631
11615 8631 8632
11620 8636 8637
11621 8637 8638
11624 8640 8641
11627 8643 8644
11631 8647 8648
11632 8648 8649
11633 8649 8650
11634 8650 8651
11636 8652 8653
11637 8653 8654
11638 8654 8655
11639 8655 8656
11640 8656 8657
11643 8659 8660
11645 8661 8662
11646 8662 8663
11647 8663 8664
11650 8666 8667
11651 8667 8668
11655 8671 8672
11658 8674 8675
11659 8675 8676
11660 8676 8677
11661 8677 8678
11668 8684 8685
11669 8685 8686
11670 8686 8687
11671 8687 8688
11673 8689 8690
11674 8690 8691
11675 8691 8692
11676 8692 8693
11677 8693 8694
11678 8694 8695
11679 8695 8696
11680 8696 8697
11684 8700 8701
11685 8701 8702
11686 8702 8703
11687 8703 8704
11688 8704 8705
11690 8706 8707
11691 8707 8708
11692 8708 8709
11693 8709 8710
11694 8710 8711
11695 8711 8712
11696 8712 8713
11697 8713 8714
11698 8714 8715
11700 8716 8717
11701 8717 8718
11702 8718 8719
11703 8719 8720
11707 8723 8724
11711 8727 8728
11712 8728 8729
11713 8729 8730
11714 8730 8731
11715 8731 8732
11717 8733 8734
11718 8734 8735
11719 8735 8736
11722 8738 8739
11723 8739 8740
11724 8740 8741
11725 8741 8742
11726 8742 8743
11728 8744 8745
11730 8746 8747
11731 8747 8748
11732 8748 8749
11733 8749 8750
11737 8753 8754
11739 8755 8756
11741 8757 8758
11743 8759 8760
11745 8761 8762
11746 8762 8763
11747 8763 8764
11748 8764 8765
11749 8765 8766
11750 8766 8767
11751 8767 8768
11752 8768 8769
11756 8772 8773
11757 8773 8774
11758 8774 8775
11759 8775 8776
11760 8776 8777
11761 8777 8778
11762 8778 8779
11763 8779 8780
11764 8780 8781
11765 8781 8782
11766 8782 8783
11767 8783 8784
11768 8784 8785
11770 8786 8787
11771 8787 8788
11773 8789 8790
11775 8791 8792
11777 8793 8794
11778 8794 8795
11779 8795 8796
11783 8799 8800
11784 8800 8801
11785 8801 8802
11786 8802 8803
11787 8803 8804
11788 8804 8805
11789 8805 8806
11790 8806 8807
11793 8809 8810
11794 8810 8811
11795 8811 8812
11796 8812 8813
11799 8815 8816
11800 8816 8817
11801 8817 8818
11802 8818 8819
11804 8820 8821
11806 8822 8823
11807 8823 8824
11809 8825 8826
11810 8826 8827
11811 8827 8828
11812 8828 8829
11813 8829 8830
11814 8830 8831
11815 8831 8832
11819 8835 8836
11820 8836 8837
11821 8837 8838
11822 8838 8839
11824 8840 8841
11827 8843 8844
11830 8846 8847
11831 8847 8848
11832 8848 8849
11836 8852 8853
11837 8853 8854
11845 8861 8862
11847 8863 8864
11849 8865 8866
11852 8868 8869
11856 8872 8873
11860 8876 8877
11861 8877 8878
11862 8878 8879
11865 8881 8882
11869 8885 8886
11874 8890 8891
11877 8893 8894
11881 8897 8898
11886 8902 8903
11887 8903 8904
11890 8906 8907
11891 8907 8908
11900 8916 8917
11902 8918 8919
11905 8921 8922
11908 8924 8925
11910 8926 8927
11911 8927 8928
11914 8930 8931
11918 8934 8935
11921 8937 8938
11922 8938 8939
11923 8939 8940
11925 8941 8942
11928 8944 8945
11929 8945 8946
11932 8948 8949
11933 8949 8950
11936 8952 8953
11938 8954 8955
11940 8956 8957
11945 8961 8962
11946 8962 8963
11947 8963 8964
11949 8965 8966
11951 8967 8968
11952 8968 8969
11953 8969 8970
11954 8970 8971
11955 8971 8972
11958 8974 8975
11959 8975 8976
11960 8976 8977
11961 8977 8978
11962 8978 8979
11963 8979 8980
11964 8980 8981
11965 8981 8982
11966 8982 8983
11967 8983 8984
11969 8985 8986
11971 8987 8988
11972 8988 8989
11973 8989 8990
11974 8990 8991
11977 8993 8994
11979 8995 8996
11980 8996 8997
11981 8997 8998
11983 8999 9000
11984 9000 9001
11985 9001 9002
11988 9004 9005
11990 9006 9007
11991 9007 9008
11992 9008 9009
11994 9010 9011
11995 9011 9012
12000 9016 9017
12002 9018 9019
12003 9019 9020
12004 9020 9021
12005 9021 9022
12007 9023 9024
12030 9046 9047
12031 9047 9048
12043 9059 9060
12044 9060 9061
12045 9061 9062
12046 9062 9063
12047 9063 9064
12052 9068 9069
12053 9069 9070
12054 9070 9071
12055 9071 9072
12056 9072 9073
12057 9073 9074
12066 9082 9083
12096 9112 9113
12097 9113 9114
12098 9114 9115
12100 9116 9117
12101 9117 9118
12102 9118 9119
12103 9119 9120
12104 9120 9121
12105 9121 9122
12106 9122 9123
12107 9123 9124
12108 9124 9125
12109 9125 9126
12110 9126 9127
12111 9127 9128
12123 9139 9140
12124 9140 9141
12125 9141 9142
12126 9142 9143
12127 9143 9144
12128 9144 9145
12129 9145 9146
12130 9146 9147
12131 9147 9148
12132 9148 9149
12133 9149 9150
12135 9151 9152
12137 9153 9154
12138 9154 9155
12139 9155 9156
12152 9168 9169
12153 9169 9170
12154 9170 9171
12156 9172 9173
12157 9173 9174
12158 9174 9175
12160 9176 9177
12161 9177 9178
12162 9178 9179
12166 9182 9183
12167 9183 9184
12170 9186 9187
12171 9187 9188
12172 9188 9189
12173 9189 9190
12175 9191 9192
12177 9193 9194
12179 9195 9196
12180 9196 9197
12182 9198 9199
12189 9205 9206
12190 9206 9207
12191 9207 9208
12196 9212 9213
12202 9218 9219
12203 9219 9220
12207 9223 9224
12212 9228 9229
12213 9229 9230
12214 9230 9231
12215 9231 9232
12216 9232 9233
12217 9233 9234
12218 9234 9235
12219 9235 9236
12221 9237 9238
12225 9241 9242
12231 9247 9248
12232 9248 9249
12234 9250 9251
12235 9251 9252
12236 9252 9253
12241 9257 9258
12244 9260 9261
12245 9261 9262
12246 9262 9263
12247 9263 9264
12248 9264 9265
12249 9265 9266
12250 9266 9267
12251 9267 9268
12253 9269 9270
12254 9270 9271
12255 9271 9272
12256 9272 9273
12257 9273 9274
12258 9274 9275
12259 9275 9276
12260 9276 9277
12261 9277 9278
12262 9278 9279
12264 9280 9281
12266 9282 9283
12267 9283 9284
12268 9284 9285
12269 9285 9286
12270 9286 9287
12275 9291 9292
12276 9292 9293
12278 9294 9295
12279 9295 9296
12280 9296 9297
12281 9297 9298
12282 9298 9299
12283 9299 9300
12284 9300 9301
12285 9301 9302
12286 9302 9303
12287 9303 9304
12288 9304 9305
12298 9314 9315
12302 9318 9319
12306 9322 9323
12307 9323 9324
12309 9325 9326
12310 9326 9327
12313 9329 9330
12315 9331 9332
12317 9333 9334
12318 9334 9335
12319 9335 9336
12321 9337 9338
12322 9338 9339
12323 9339 9340
12325 9341 9342
12326 9342 9343
12327 9343 9344
12329 9345 9346
12330 9346 9347
12331 9347 9348
12333 9349 9350
12334 9350 9351
12335 9351 9352
12336 9352 9353
12337 9353 9354
12339 9355 9356
12341 9357 9358
12343 9359 9360
12344 9360 9361
12345 9361 9362
12347 9363 9364
12350 9366 9367
12352 9368 9369
12353 9369 9370
12354 9370 9371
12355 9371 9372
12356 9372 9373
12357 9373 9374
12358 9374 9375
12360 9376 9377
12361 9377 9378
12362 9378 9379
12364 9380 9381
12365 9381 9382
12366 9382 9383
12367 9383 9384
12368 9384 9385
12369 9385 9386
12370 9386 9387
12374 9390 9391
12376 9392 9393
12379 9395 9396
12380 9396 9397
12382 9398 9399
12383 9399 9400
12385 9401 9402
12386 9402 9403
12388 9404 9405
12391 9407 9408
12392 9408 9409
12394 9410 9411
12395 9411 9412
12399 9415 9416
12400 9416 9417
12401 9417 9418
12402 9418 9419
12403 9419 9420
12405 9421 9422
12407 9423 9424
12408 9424 9425
12409 9425 9426
12410 9426 9427
12411 9427 9428
12412 9428 9429
12413 9429 9430
12415 9431 9432
12433 9449 9450
12435 9451 9452
12441 9457 9458
12442 9458 9459
12443 9459 9460
12444 9460 9461
12447 9463 9464
12448 9464 9465
12449 9465 9466
12450 9466 9467
12451 9467 9468
12452 9468 9469
12453 9469 9470
12454 9470 9471
12455 9471 9472
12456 9472 9473
12457 9473 9474
12458 9474 9475
12459 9475 9476
12460 9476 9477
12461 9477 9478
12462 9478 9479
12463 9479 9480
12467 9483 9484
12468 9484 9485
12469 9485 9486
12470 9486 9487
12471 9487 9488
12472 9488 9489
12473 9489 9490
12474 9490 9491
12475 9491 9492
12476 9492 9493
12477 9493 9494
12478 9494 9495
12480 9496 9497
12484 9500 9501
12485 9501 9502
12486 9502 9503
12487 9503 9504
12490 9506 9507
12491 9507 9508
12492 9508 9509
12494 9510 9511
12495 9511 9512
12497 9513 9514
12498 9514 9515
12499 9515 9516
12501 9517 9518
12502 9518 9519
12503 9519 9520
12504 9520 9521
12505 9521 9522
12506 9522 9523
12509 9525 9526
12511 9527 9528
12512 9528 9529
12513 9529 9530
12514 9530 9531
12515 9531 9532
12516 9532 9533
12517 9533 9534
12518 9534 9535
12519 9535 9536
12520 9536 9537
12521 9537 9538
12523 9539 9540
12524 9540 9541
12528 9544 9545
12529 9545 9546
12531 9547 9548
12532 9548 9549
12533 9549 9550
12534 9550 9551
12535 9551 9552
12536 9552 9553
12537 9553 9554
12538 9554 9555
12540 9556 9557
12542 9558 9559
12543 9559 9560
12544 9560 9561
12547 9563 9564
12548 9564 9565
12549 9565 9566
12550 9566 9567
12551 9567 9568
12552 9568 9569
12553 9569 9570
12554 9570 9571
12557 9573 9574
12558 9574 9575
12559 9575 9576
12560 9576 9577
12561 9577 9578
12562 9578 9579
12564 9580 9581
12565 9581 9582
12567 9583 9584
12568 9584 9585
12571 9587 9588
12572 9588 9589
12573 9589 9590
12574 9590 9591
12577 9593 9594
12578 9594 9595
12579 9595 9596
12581 9597 9598
12582 9598 9599
12583 9599 9600
12584 9600 9601
12585 9601 9602
12586 9602 9603
12587 9603 9604
12588 9604 9605
12589 9605 9606
12590 9606 9607
12591 9607 9608
12592 9608 9609
12593 9609 9610
12594 9610 9611
12595 9611 9612
12597 9613 9614
12598 9614 9615
12600 9616 9617
12603 9619 9620
12604 9620 9621
12605 9621 9622
12606 9622 9623
12607 9623 9624
12610 9626 9627
12611 9627 9628
12612 9628 9629
12613 9629 9630
12614 9630 9631
12615 9631 9632
12616 9632 9633
12617 9633 9634
12618 9634 9635
12619 9635 9636
12620 9636 9637
12625 9641 9642
12626 9642 9643
12627 9643 9644
12628 9644 9645
12631 9647 9648
12632 9648 9649
12633 9649 9650
12634 9650 9651
12635 9651 9652
12636 9652 9653
12637 9653 9654
12638 9654 9655
12639 9655 9656
12640 9656 9657
12641 9657 9658
12642 9658 9659
12643 9659 9660
12644 9660 9661
12645 9661 9662
12646 9662 9663
12648 9664 9665
12649 9665 9666
12650 9666 9667
12651 9667 9668
12652 9668 9669
12653 9669 9670
12654 9670 9671
12655 9671 9672
12656 9672 9673
12658 9674 9675
12659 9675 9676
12660 9676 9677
12661 9677 9678
12662 9678 9679
12663 9679 9680
12664 9680 9681
12666 9682 9683
12667 9683 9684
12668 9684 9685
12669 9685 9686
12670 9686 9687
12671 9687 9688
12674 9690 9691
12677 9693 9694
12680 9696 9697
12684 9700 9701
12685 9701 9702
12691 9707 9708
12698 9714 9715
12699 9715 9716
12701 9717 9718
12703 9719 9720
12706 9722 9723
12708 9724 9725
12710 9726 9727
12712 9728 9729
12714 9730 9731
12716 9732 9733
12718 9734 9735
12720 9736 9737
12722 9738 9739
12723 9739 9740
12724 9740 9741
12725 9741 9742
12726 9742 9743
12727 9743 9744
12728 9744 9745
12730 9746 9747
12731 9747 9748
12733 9749 9750
12734 9750 9751
12735 9751 9752
12740 9756 9757
