14 21
14 22
14 32
14 40
14 41
14 50
54 61
81 83
109 120
109 124
109 125
145 147
158 160
168 169
168 171
168 180
168 183
168 185
186 187
186 189
186 191
186 192
186 201
186 210
186 225
244 245
244 247
244 251
244 252
244 254
244 256
244 257
262 248
262 286
290 291
292 294
292 310
292 313
325 329
325 331
169 355
367 372
367 373
367 375
389 196
389 391
368 400
415 424
438 442
438 446
438 453
438 463
464 444
465 466
471 472
471 475
482 484
492 501
492 510
492 518
492 185
492 519
523 38
541 544
541 550
541 561
541 566
541 567
541 569
578 581
587 588
589 590
15 3
15 626
15 645
15 654
263 617
263 618
665 645
665 696
710 714
718 613
718 728
737 739
737 740
737 745
758 760
765 766
765 440
765 767
765 568
765 769
770 774
781 152
791 247
796 801
812 815
822 823
1 827
1 832
1 833
1 835
1 836
1 282
1 837
1 839
1 840
852 855
860 859
245 882
245 885
245 888
826 588
826 11
906 59
911 914
911 843
920 667
934 935
110 950
110 299
110 529
110 954
960 967
968 969
970 972
979 980
982 717
416 983
416 986
416 991
600 1001
600 1006
600 1016
1017 1025
1028 1032
1028 1034
85 1057
85 177
85 1067
85 843
85 154
85 845
429 1079
429 1082
1088 956
1102 128
601 1103
601 1111
1123 1138
1123 1145
1123 1154
1170 1173
487 1195
487 1201
487 1210
487 1218
1220 185
1223 1226
1223 1227
103 1236
103 1238
103 1243
1263 1264
1272 1273
1272 1274
759 1286
1310 899
1318 194
1318 229
1320 900
1320 1329
1344 1347
1344 1349
1344 685
3 1043
3 1378
3 277
3 1382
3 287
3 844
1389 448
1390 1393
1410 1411
1412 963
1412 755
187 1430
187 1435
187 1439
187 1440
187 1443
1462 1346
1464 1466
1470 1471
853 1483
1488 1494
1507 1518
1521 1522
1521 460
1524 1525
1537 185
1542 1544
1542 1545
1542 361
1546 202
1561 1564
1565 1568
1582 1185
1585 1592
369 1599
1345 1608
1345 1611
1624 1624
1624 69
980 1642
980 1646
980 1655
980 1659
980 1663
1666 917
1666 540
1666 1291
1666 36
1693 46
111 447
521 1713
1752 1753
1754 150
1767 24
1767 448
1767 69
1767 575
1767 1774
87 5
87 1776
1779 1789
439 1799
439 999
1819 1823
1828 1829
1833 337
1835 766
899 1371
899 766
899 440
899 1733
315 1849
315 326
315 909
658 1870
658 1871
334 418
334 855
334 171
334 445
334 1876
334 152
334 229
334 234
1171 1902
1002 1910
1914 1915
1920 1922
1923 172
16 1937
16 330
1043 620
1043 1948
1043 508
1043 897
1221 1885
1221 1960
1829 1082
1829 1965
1428 469
1971 1972
881 540
881 318
881 1020
881 46
917 1974
917 1982
917 1956
917 1983
1989 1991
546 734
239 114
239 956
112 1964
112 2028
2042 163
2042 644
2060 190
17 2081
17 638
984 336
984 427
2102 1227
2106 2107
2108 2110
792 961
792 2117
792 2120
547 2066
113 2135
113 1401
113 90
113 840
113 1338
113 2143
113 1557
912 2160
912 11
2165 2169
1527 2171
2172 46
1189 645
766 265
2204 198
2204 302
2204 2208
2213 2215
4 1052
4 269
4 832
4 845
2220 480
293 2003
293 1810
293 2243
293 2245
293 2247
293 2251
2229 1077
2229 2256
2229 219
2229 311
2260 2262
294 2270
294 2271
2272 1581
2133 1623
2303 2305
2314 2315
2190 644
1586 106
404 1434
404 2339
404 2344
942 296
942 2356
667 2361
667 196
667 1289
667 1859
667 2371
667 807
1869 1823
549 443
549 507
2387 2388
2389 2390
2389 1685
602 1325
1712 2405
1597 206
1597 427
1597 851
2420 2423
2433 2434
2305 2436
2305 2442
2305 972
440 2455
440 896
1414 2473
2480 2481
2483 2487
2491 468
2491 2492
1045 1970
2134 2502
2505 1818
55 346
55 996
55 2512
55 2513
55 36
55 2514
55 1068
55 1518
55 1862
2524 2526
550 2539
550 220
550 1518
550 2545
397 76
397 337
397 328
397 202
397 2566
1761 2567
2580 752
2580 2036
2584 2585
2590 336
850 2596
850 2598
1505 944
2609 337
2585 2615
1073 2620
2003 120
2003 2572
2003 192
2003 194
2003 2636
2003 229
2645 1480
2650 2651
971 1979
264 2654
264 1459
264 2655
264 618
264 256
264 2659
264 2660
265 1460
265 900
265 283
265 11
2671 2672
88 2079
88 177
88 230
88 2685
1356 1402
1356 1903
1356 2707
1356 308
1356 154
2710 194
2711 2712
551 529
551 532
430 1106
2061 2722
266 1947
266 900
266 206
2748 2749
2748 1614
2754 2016
2757 2759
2765 2766
2765 2045
2765 1739
552 1004
552 1551
2786 1238
2430 1611
1713 2623
18 854
18 1976
18 350
18 2795
18 2796
18 210
18 529
18 640
579 526
579 2270
605 2149
882 1247
882 2829
1872 337
1872 172
2500 1473
2043 2864
2043 2282
2866 2868
2870 220
2870 1544
2870 80
2877 2878
2879 1147
2886 2887
2888 2890
115 2010
115 1486
1870 234
606 21
606 2900
2284 2192
2758 2906
2763 2695
1528 2920
1781 1818
2930 851
2318 2371
2318 2442
2946 847
1047 1099
2054 1530
2688 201
2688 209
2330 232
398 1381
398 1539
398 2974
594 180
2991 2545
1333 2827
417 3009
417 3011
417 3019
3020 1577
1275 2209
3044 1377
3045 858
3049 147
700 76
700 786
700 1506
700 1553
1848 1474
3067 3068
418 668
418 384
418 2109
1946 3084
1946 257
1946 689
1946 958
1946 769
668 751
335 3118
335 897
3121 444
3123 157
431 3140
431 500
1635 1581
3158 2565
106 3161
106 913
106 269
106 3164
106 1424
106 3170
1936 1566
1936 2056
1936 757
1936 2006
608 855
608 3186
608 563
608 3190
580 73
580 2995
3180 2015
3193 2939
3193 634
3193 2545
3199 2114
3199 2024
3199 3201
3202 3204
3202 1267
3209 361
748 444
748 809
803 3216
3218 3219
855 3226
855 1176
3238 3239
5 2219
5 272
5 3241
5 2663
1974 1960
553 2484
553 313
1782 2164
669 1721
669 2508
669 3266
2177 163
483 3285
483 2670
2431 3296
246 3297
246 3298
246 277
246 3301
246 260
2815 1608
2815 3320
3327 83
738 2219
738 3335
738 247
738 3278
862 412
862 215
2164 311
3345 456
3346 1096
3346 3348
117 3351
117 3353
117 927
118 3359
2975 820
2975 444
2950 2955
1003 1350
1104 1059
1104 313
1499 985
1529 3390
1346 3392
1694 3396
1694 3397
1694 3400
1694 1358
1694 3406
1694 3409
2122 2091
3416 164
797 1701
797 795
3423 2510
76 798
76 444
76 49
3444 933
3444 3448
3444 1863
1105 1902
3450 2243
1322 1121
1322 1266
1322 140
1322 2885
1049 1976
1049 2680
1049 412
1049 1516
1049 789
3459 1224
3464 3406
3466 3467
2533 3474
2533 3479
609 1978
609 443
609 1059
609 3488
3496 634
1740 886
1740 2936
1740 1420
1740 148
2230 2253
2230 1581
3511 446
3513 1610
3513 3515
2955 1753
3529 741
3531 2672
884 272
884 834
884 559
884 256
884 1290
884 282
884 284
2417 3535
3546 2932
268 900
3548 1813
3558 310
2791 3278
2791 3562
3256 801
1990 3584
1990 2072
2285 3586
3607 3608
120 3610
120 645
120 2035
783 2435
783 172
783 1298
1937 3618
121 1477
3619 60
3621 1406
3621 3628
2332 2065
2332 2082
2332 755
2332 2775
1932 3636
701 222
1121 582
1121 3643
1121 2311
798 3650
798 1340
798 506
798 735
442 670
442 3656
442 3658
2435 1600
2435 1381
2435 3660
921 2296
2123 1531
2123 3532
495 3671
495 73
495 3673
3676 1744
3676 182
3676 1353
1379 2368
3678 1732
2015 3092
100 3314
100 284
100 94
2319 3696
985 502
985 32
985 91
985 3702
985 460
985 2195
3708 827
943 3618
1431 3713
247 2597
247 2128
3724 425
3731 909
1004 1127
1004 2932
1004 3738
1004 91
1004 3739
1004 3741
1004 2414
2157 3743
863 405
863 2098
3748 635
3750 1702
3753 2664
1976 1864
3160 3766
2209 1295
2209 3771
2209 3088
2209 1309
3396 1610
3396 3474
3396 3775
3396 1550
3396 3777
2410 2441
1459 3795
3803 1273
3742 1030
3810 1903
588 3079
2676 529
3820 33
3010 1020
1471 3835
1471 930
2191 161
2191 463
19 19
19 1566
19 3839
19 3840
19 529
19 2737
1665 1791
1665 3290
2547 1037
540 123
540 3865
540 2096
540 313
3076 3876
3076 2375
1432 3885
885 1130
3897 2072
2836 3901
2836 282
1588 536
3918 3919
3924 2075
3924 3926
2838 1061
2010 3445
2010 964
2010 3936
336 678
336 1922
336 963
336 1181
336 1506
336 3942
336 231
670 727
670 394
670 958
3295 2737
3295 1166
3956 1963
248 1947
248 276
248 1777
3961 2355
3962 1289
3963 216
3963 1519
1273 1351
1273 2775
1273 1623
3813 3982
1966 2137
1966 3990
337 2793
337 3184
337 2633
337 1057
337 447
337 769
3997 3999
2889 185
2113 1282
2113 4003
2113 1888
20 4004
555 1996
4012 590
1695 3699
1695 3700
3394 2323
4015 1446
3589 2672
1500 3356
1500 2072
3412 4023
2124 182
3125 4031
1566 3023
2063 444
2063 3740
2063 4049
3884 2400
4054 893
2792 1791
4061 3945
345 4067
345 4068
345 311
345 1475
827 1161
1947 271
1947 274
1947 1139
1947 2196
405 393
4077 1838
4081 4082
4083 4084
886 407
886 1496
886 1071
4100 3042
3058 2228
4114 3064
4115 4116
1673 1690
1052 618
1978 2736
496 2871
496 48
611 1055
611 275
611 1137
611 281
611 1384
4147 4148
581 3021
21 4058
21 4159
3509 1698
2651 807
4171 297
1053 900
420 3505
420 200
420 2379
420 4029
3258 4180
3258 1551
443 3818
443 535
2646 3677
147 4196
2019 4201
2019 329
1741 4207
4210 3172
1820 4211
3885 754
2586 73
660 1062
660 1067
660 1069
1235 4226
1235 4229
1235 3465
4231 149
4232 879
1608 182
2075 210
2075 2006
4258 2232
1915 287
2713 2847
1979 4276
122 30
122 4070
122 1536
1793 507
3832 4291
4293 1512
2939 1183
1562 4297
1562 3141
1562 584
1562 1863
1562 2684
4314 2623
1525 4328
1525 1014
160 2919
3223 212
466 888
466 1725
525 4342
525 529
525 3497
190 3613
190 390
190 3989
190 3611
190 1838
190 1082
190 535
190 2521
190 4365
190 3150
4347 1805
1589 2528
4386 2283
4389 104
944 4391
3858 2371
3858 1175
4400 1838
1674 3431
1674 959
4403 1411
1477 1698
1477 4411
1477 3353
1477 1908
1477 3272
1477 2187
191 1700
4033 4426
2730 3019
4432 1570
2793 727
2793 425
4437 354
961 2374
4442 707
3364 1006
346 949
346 1703
346 2192
4451 1338
4459 476
3214 4463
3686 1791
1463 4471
89 646
3635 924
295 4487
4489 2320
526 4494
1684 4503
1684 4504
1684 4506
828 841
828 4516
1577 4518
1577 3143
1577 4522
269 10
865 3331
2232 4542
820 1402
820 140
820 4551
326 4552
326 2205
326 4136
4557 1879
4559 1777
1238 2943
1238 807
661 283
583 4575
4579 1774
1239 212
4580 276
4583 4584
4587 4589
1054 10
3642 1419
3642 2206
3642 4507
4390 1821
3278 901
172 1813
172 1078
172 4600
3163 739
2607 685
2607 3057
3729 4613
4614 4615
4617 4064
399 686
2309 4629
2309 2050
771 2100
2679 2489
722 2020
722 33
722 4639
722 4640
4493 231
1610 1831
4660 4661
4663 446
4663 43
3782 3371
444 1810
444 1401
444 4677
444 3552
444 459
444 840
444 842
2548 2001
1132 4684
1132 4070
3860 446
445 4687
445 4688
2572 40
317 1393
317 773
1055 617
23 4706
23 4707
23 2535
23 1789
3054 4413
4717 3453
407 194
407 64
4297 4723
2672 4734
2764 4738
2764 1325
2764 1327
3451 679
2820 593
4744 449
4753 2143
613 279
613 732
830 1077
830 2036
3225 1358
3360 2337
3360 806
4767 165
614 282
614 845
767 4779
1617 4156
123 1699
123 2747
123 645
123 395
4778 4794
4778 151
4795 2047
3101 4798
3101 4552
1117 4800
1117 2806
2633 1698
4804 4782
1980 1338
2653 3746
2653 4810
273 617
192 947
192 50
4822 2680
446 4824
446 2663
3141 1841
615 4834
193 4838
193 4839
4433 2796
194 61
194 4581
194 3624
194 2781
194 39
194 643
194 47
194 536
59 3445
59 3000
59 2367
59 529
59 3576
59 222
348 4869
348 4871
348 4872
1415 757
1133 2130
2635 4874
4875 2775
831 9
831 1686
4881 4882
237 2274
60 2781
274 643
274 1777
274 4903
275 276
275 900
988 3188
988 513
592 3766
1434 1207
4923 1777
4924 1972
4924 2006
1567 3702
1479 2379
1479 4932
4937 461
4430 3371
1698 4940
3844 741
1480 4952
1480 300
996 755
318 2166
318 474
318 3636
947 1841
4970 1686
447 1061
447 2153
447 2005
3282 745
2484 560
2484 4980
4983 1473
2841 1568
2841 4787
1640 1680
593 175
593 400
593 2640
4999 2283
5001 900
617 3814
617 282
1391 2773
3715 307
3299 5007
5012 276
5014 5015
1742 645
13 498
13 1200
13 1033
13 2775
13 5035
13 3019
3725 1393
3725 200
2182 3778
2182 851
618 278
618 176
1319 923
662 161
662 282
662 286
1138 2929
276 278
276 5060
276 5063
276 3091
276 807
2825 340
484 2668
484 648
5071 3486
1668 1981
5075 643
619 1068
5076 1746
4259 1205
4259 3889
4259 43
4259 993
1334 71
4624 3171
702 449
2091 2045
2091 1907
4411 2168
4411 5088
322 5091
8 845
2816 5099
989 200
384 4843
4508 835
1139 279
1139 10
4561 688
5116 1620
5118 3553
5119 313
24 3579
24 4008
914 284
620 4279
620 1161
1988 646
1058 2130
3650 62
3650 2369
1699 2263
740 148
740 807
5145 456
595 1474
595 5153
595 5156
948 50
3129 4032
2100 1821
2100 907
2100 5169
1899 5172
3732 794
3732 5177
2940 502
2940 4445
2940 3655
3784 1756
3784 212
3784 3566
2770 1174
2951 2995
5190 165
1076 4300
1076 5195
5201 3235
5201 1863
71 98
71 536
723 5211
867 3940
5221 53
1437 506
2354 5249
5250 164
1641 2033
5261 310
1934 2883
5276 361
328 2667
328 5293
328 5294
328 2011
328 3374
328 3152
328 5302
328 5303
328 135
328 42
328 3105
328 1016
328 5311
328 313
3744 652
2783 3826
5313 2366
5313 456
2021 931
5318 1473
5319 3181
5322 1607
25 41
25 2423
25 234
5336 2022
5341 5342
5344 1746
5345 645
5349 5350
4042 4337
2313 3982
5355 3028
5356 149
254 857
254 5066
5357 2545
1348 4481
1348 838
124 2206
124 5363
124 649
1314 1755
1314 154
3640 621
3640 1721
5370 5371
856 3818
5379 1144
2749 1838
3012 2968
498 2897
3461 755
255 3403
4731 5407
2666 1839
2666 1907
2666 49
338 29
338 907
338 2647
5420 686
5421 3573
1400 2273
2400 5426
5429 480
4218 480
3428 1381
1790 5438
1790 732
3967 3799
1810 2592
1810 3421
1279 5452
1732 1581
351 297
174 3166
2977 5252
4103 1097
4757 841
1381 3073
5477 5478
5479 978
5481 5482
3629 101
5209 4689
1140 2160
5498 2717
2932 5499
2932 519
448 2277
5505 2640
5508 1144
3840 357
5517 4107
3500 3925
1282 1569
4434 5536
5539 1082
5549 1739
1401 1593
1401 2096
1401 536
1401 4190
5557 202
5186 5559
3037 73
2166 2208
621 45
621 477
1225 1228
1225 5575
833 833
2361 5576
2941 3746
5578 5579
2077 3092
5584 859
5585 425
5589 1207
1769 3996
4830 1150
408 5605
5078 33
5362 3692
834 30
834 234
5288 5093
4099 2078
923 3760
5631 185
2160 1151
2160 283
5636 198
623 152
949 39
949 135
949 3891
2475 5648
390 216
390 1384
4185 3654
674 2362
674 1715
674 644
674 2374
674 995
726 1213
5669 450
559 4190
2078 459
2079 230
596 930
596 5681
727 1180
727 1023
727 1756
727 2371
727 2806
727 45
5684 3436
3544 1859
4588 5690
5248 167
1539 62
449 3837
3524 977
3524 993
5711 2799
5712 4733
3795 2290
1284 206
1392 307
2994 4507
2994 2441
3825 577
1850 900
888 3807
2437 455
2437 816
2437 460
5745 5746
450 222
450 5764
1957 5590
1957 5041
785 5772
4848 1325
1702 633
1702 2373
1759 1304
1570 5782
1570 4482
1570 4890
5789 515
2855 5791
2855 3371
5026 108
977 5795
4675 3807
196 515
2362 33
2362 1420
2362 3723
5812 5813
835 5820
2363 1023
5821 4197
279 1143
279 1067
279 807
1007 4069
1007 2510
4047 73
1619 1622
2695 2244
5563 1393
1200 2569
3430 222
161 5854
161 5855
161 5856
161 1317
1972 4148
1744 3235
890 2153
2988 1556
501 1350
501 457
501 5682
4811 5077
5881 2683
1611 5883
5885 392
2391 5073
2512 901
90 5888
5889 142
5889 4782
198 3583
198 5898
5407 219
1142 627
1142 507
1142 5900
1812 1821
175 2097
175 1629
3313 2149
5851 4662
27 5921
27 2192
27 182
27 4007
27 1846
27 513
1106 1551
1106 1910
1285 4628
1285 3838
1770 645
3651 1518
1522 1703
5938 2938
5941 574
1061 4794
1061 2767
5293 999
2183 2339
1703 2016
1703 2006
3746 5507
2168 1495
2168 517
4597 4138
3314 2425
728 5964
4825 4911
2184 2759
1612 2853
5974 5975
502 3431
502 2017
5978 376
392 148
392 5983
392 5985
5989 1350
5957 2414
4723 185
6001 513
5294 185
5519 2206
2011 2803
2011 1710
6012 78
6018 1122
743 261
2597 755
2597 536
1715 182
900 202
900 282
900 1067
900 3791
900 289
900 843
4539 3221
679 5644
679 990
3419 6037
6046 376
5027 3103
2355 3996
2355 6053
409 2367
730 1483
730 645
5667 3002
627 1153
627 1450
6070 185
2796 425
2092 1185
3976 3575
3976 93
3976 425
6074 2657
6075 6076
1033 201
1288 518
1288 5466
3925 1409
2567 6092
1531 3233
4677 3873
3316 2995
3316 1791
1020 2380
936 936
1852 5805
1852 841
1963 6103
73 2001
73 1442
73 6120
73 1484
73 6136
73 1594
73 6137
73 6138
73 4230
73 3894
73 4209
2980 2004
2898 4303
480 1012
480 1944
2023 4202
6150 1605
199 1419
6111 654
3111 6158
629 6162
629 4330
629 2375
629 6164
1062 6165
1062 3085
242 1729
1403 1015
6176 319
2334 1015
5426 3943
6182 149
4628 142
6185 51
6013 2657
869 3868
451 4951
451 3937
451 3171
451 2775
200 2141
1532 2563
2001 6197
2001 6200
2001 2544
4973 1766
6157 639
201 3532
3431 219
760 2364
202 6130
202 2545
1442 37
3353 5780
281 809
1289 1690
1289 2983
1289 4901
764 5030
5097 732
6085 2821
1081 6227
2970 6230
2821 6238
3083 284
4446 1181
6242 3902
1578 1791
1578 2775
6246 1941
2887 1622
6257 518
421 1010
421 757
1625 4474
1625 3441
6263 3171
6266 1766
6268 645
3102 152
6272 1739
1077 3575
1077 215
1593 2004
5522 3654
2943 2192
2943 3235
528 3371
3096 1145
1444 6295
6296 37
4574 6300
2268 3816
29 1945
1958 3331
1958 6305
3719 6308
452 6313
30 6316
30 6318
1290 6321
1969 6327
1648 4564
1954 5350
1690 1169
6112 6337
683 533
930 1896
4202 287
1922 1070
2504 515
2504 6340
129 745
129 536
4128 6344
1981 39
1551 427
2161 282
3689 755
177 634
177 3891
2287 357
453 841
6357 1274
31 851
5894 1483
454 1733
5550 1169
3968 515
4340 1212
4340 5306
773 517
1705 4678
32 180
32 3981
32 6370
33 1085
33 841
3391 6092
5514 6250
6377 1581
6382 6383
1180 2148
1180 504
1180 4213
1180 313
6390 1340
34 907
4874 2370
6393 1725
6395 4358
3615 816
5813 39
6400 1581
2777 4328
2777 2171
5417 2440
5417 3156
6403 1267
2379 166
634 1540
6415 5453
6422 6423
963 1506
963 3436
162 2981
162 6425
6428 361
3432 2147
9 258
9 843
2140 2487
761 212
83 424
6442 2320
2995 568
2995 231
455 455
6452 3032
6452 6141
2103 36
2103 3066
178 1919
4996 6457
2016 1098
1291 5799
4058 3052
4058 3943
2527 459
804 4951
794 6479
3188 638
1419 3937
1419 4631
1419 5376
2473 4609
6493 6494
2192 6202
6508 3913
6509 2289
561 62
2453 1707
635 2246
635 893
6162 1209
836 5553
787 5455
2952 1557
4492 6314
4492 2424
2358 1751
2556 909
2556 182
3579 1845
2623 2407
6532 3702
1813 3171
6291 167
4177 926
6542 1270
1294 2243
3620 6556
91 638
91 1581
91 6564
1613 6567
3359 1786
3359 5159
4356 3171
4356 185
36 6575
36 6577
36 5898
2339 1821
2339 1097
991 1473
3285 1777
6579 2212
1818 6095
5814 1082
5814 3441
2289 5281
2289 3052
1854 1581
1022 6588
2320 6314
1718 3072
2968 6596
2968 1733
4564 230
6597 2482
37 6132
1409 3171
2380 6614
1929 1175
1929 5254
2919 3705
53 6624
53 6625
4951 837
1108 1707
6214 2017
4879 3323
3021 1422
6644 1959
1420 1535
1420 3442
637 282
506 2324
909 6656
4302 6660
3852 5058
1910 6668
5659 5055
858 6674
354 4190
6681 2880
207 284
2093 1207
410 3497
744 1614
1207 48
1207 313
1791 6701
2863 958
2982 2282
6712 4032
6713 1352
2368 3366
638 3702
638 216
638 1158
638 6721
6723 1735
1150 288
1150 2374
1150 4835
1150 2351
6615 1746
5030 6729
5030 4890
5030 513
2611 39
163 6732
163 2247
2206 2847
62 355
62 2439
754 47
567 1907
2717 425
2478 1158
5942 1678
5942 1996
2045 1856
2045 183
5252 6746
685 933
685 94
685 3172
639 3063
210 755
210 43
4406 3040
4406 6756
6758 5542
211 4827
529 3611
529 3618
2243 2243
