14 16
14 17
14 25
14 26
14 30
14 32
14 39
54 55
84 85
109 112
109 115
109 118
109 142
168 174
168 176
168 180
168 181
186 198
186 206
186 94
186 227
244 250
244 251
262 265
262 287
292 294
292 295
292 299
292 300
292 305
321 322
169 349
169 362
389 392
368 398
382 409
382 33
382 411
415 420
428 430
438 417
438 90
438 452
438 455
438 461
471 476
471 313
482 276
492 495
492 498
492 500
492 504
492 513
492 514
523 525
523 526
523 531
539 495
541 550
541 565
541 573
541 575
578 579
591 592
542 596
15 603
15 626
15 32
15 635
15 640
15 536
15 651
657 658
657 340
263 265
263 355
665 677
665 679
665 694
665 696
710 712
718 496
718 721
718 723
718 726
765 202
770 777
791 792
793 794
793 795
796 797
802 806
812 813
1 278
846 847
852 572
860 521
868 869
861 876
878 879
245 880
245 882
245 886
245 592
245 894
826 3
826 4
826 744
826 745
911 914
918 919
920 922
934 938
110 942
110 947
110 956
110 959
973 974
973 975
880 743
880 901
600 1002
600 13
600 638
600 1009
1017 1018
1017 196
983 276
983 279
85 1047
85 1048
85 1051
85 273
85 1058
85 1070
601 1107
1120 1121
1123 1136
1123 1145
1123 1146
1123 1149
1170 404
1170 1175
1170 1177
1178 356
487 1190
487 1192
487 1204
487 1022
1223 900
103 1231
103 1239
103 1242
103 1245
103 1252
103 1255
103 1257
103 1259
1268 1269
759 440
759 1277
759 1302
759 309
759 1308
1315 1316
1320 1326
1320 459
1344 1348
1361 1290
1370 1374
3 831
3 1382
3 287
3 844
1390 1392
1408 1409
1412 1416
1412 1417
187 1436
187 1439
187 1447
187 1457
1458 1459
1458 1460
1470 297
853 1485
1488 855
1488 348
1488 71
1488 1492
1498 191
1498 991
1507 163
1507 1518
1521 460
1526 49
1526 1535
1546 217
1546 1554
1546 1556
1558 313
1560 162
1561 76
1561 1564
1565 1567
1565 463
1089 749
1582 801
1585 1591
1585 1593
369 1468
369 963
1345 73
1345 1615
935 196
935 1301
1624 69
1630 1631
980 1643
980 1655
980 1656
980 1660
1666 1291
1666 223
1666 1669
1675 13
1675 25
1675 29
1675 1677
1001 1686
1687 1500
111 985
111 1695
111 1705
111 1706
111 1708
111 598
111 463
521 899
521 338
521 1717
491 461
343 124
343 1744
343 1750
1754 150
1760 1763
1764 1765
1764 309
1767 1552
87 738
87 1776
87 892
1779 1787
1779 1788
439 1794
439 1797
439 1441
1809 1694
1809 1811
1819 1822
1834 123
1835 1840
899 440
899 1845
899 1068
899 1846
315 100
315 1852
315 1862
315 185
315 1867
334 1371
334 855
334 1877
334 305
334 229
1893 1894
1893 1234
1171 122
1171 1909
1171 871
1914 1916
1914 1773
1920 1692
1925 1926
16 1935
16 357
16 1944
1043 738
1043 1665
1043 618
1951 609
1221 734
1829 1961
1829 1965
1428 366
881 1356
881 540
917 1978
917 1095
1989 627
1994 1996
1999 1482
1935 50
239 370
112 1057
112 1964
112 143
2032 2038
2032 1486
2042 191
2042 1483
2042 1301
2042 2017
2060 194
2060 2066
2060 529
2060 223
2060 1887
17 2079
17 199
984 336
984 1903
984 2098
2108 2109
2108 2110
792 2113
792 2024
792 1015
1429 2045
1429 223
113 219
1371 2148
1371 2149
1371 2152
2156 2158
912 517
1527 553
1527 1701
2173 1348
2173 2174
2175 2176
1189 2179
1189 2187
766 265
766 2193
2200 1621
2204 302
4 264
2223 1292
293 700
293 2233
293 2238
293 2242
293 2243
293 2245
293 2006
2229 317
2229 1077
2229 425
2229 164
2260 346
2260 2264
294 2267
294 2268
1667 1729
666 2276
1087 2284
1087 671
1087 2286
2303 2306
2308 437
2312 1117
2190 444
2190 29
2190 135
2190 644
1586 2078
404 1849
404 1434
942 296
667 727
667 2364
667 2367
667 1213
667 2372
2387 2388
2389 1685
602 886
1597 499
2420 366
2429 2431
2429 1932
2305 2436
2305 177
2305 64
2305 972
440 1701
440 173
440 2448
440 2453
440 2460
2477 5
2477 746
2480 2481
2483 2485
2483 2487
1045 392
2499 1473
2505 2507
2505 2508
55 447
55 622
55 2512
55 2516
55 645
2524 2391
2529 857
1465 450
2534 2535
550 192
550 2263
397 2552
397 2563
2398 2569
2580 2582
2584 1235
2584 644
2590 2136
383 2219
383 2464
1505 480
2585 2616
2585 139
2621 2623
2621 2625
2628 2629
2628 2630
2003 1937
2003 2572
2003 194
2003 207
2003 2637
2003 212
2003 953
2645 2354
2649 820
971 1679
264 266
265 266
265 287
88 1525
88 407
88 2264
88 48
88 2686
1356 2690
1356 2696
1356 2701
1356 2702
1356 2704
1356 2709
2261 2727
266 2736
266 2741
2742 618
2743 2504
2757 2759
2765 944
2765 2045
2765 1685
2765 1544
2784 999
2786 2787
18 1608
18 1281
18 2287
18 1910
18 640
18 2802
18 1213
18 311
18 2808
2813 2814
605 2818
2824 1694
2824 1506
882 2829
882 2664
2832 2019
2835 2836
1872 2839
1872 695
2500 1473
2866 2868
2870 50
2877 1569
2877 1039
2886 2234
2763 2910
2916 2367
1528 326
267 618
267 744
2931 2932
2931 894
2318 2940
1047 2950
2882 669
2054 2209
2958 2959
607 1388
2546 645
2330 1734
594 629
854 593
854 2984
1091 71
441 2994
1961 2999
1961 3000
1961 3001
417 3009
417 769
417 3018
417 652
3020 122
2867 3029
2867 3030
116 64
116 2464
700 76
700 717
1848 2355
969 3060
3061 3062
3061 3064
3061 48
418 1896
1946 268
1946 3079
1946 3086
1946 689
1946 515
1946 3090
1946 154
1467 3092
1897 152
668 3102
668 3104
335 618
3130 645
3131 3137
431 3139
1635 3153
106 3160
106 3162
106 1139
106 1382
106 3173
1936 1483
608 855
580 447
580 2995
580 2029
3180 3193
3193 669
3193 2545
3199 3200
3202 3206
2769 629
3194 3210
803 3216
803 3217
3218 395
3220 3221
855 1080
855 3229
855 1182
855 2664
1873 2187
5 3242
3243 2816
3245 3245
1974 3247
553 3248
553 177
3250 3039
1782 2164
669 3259
669 3264
669 2508
669 3268
669 3269
2177 3275
2177 164
2177 3276
483 1379
483 1130
483 3279
483 3280
483 1288
483 1077
483 3288
2431 3296
246 247
246 249
246 276
246 255
246 257
246 258
2815 3315
2815 2538
2815 3325
2815 706
3327 3330
3327 3331
738 3336
738 274
738 3282
862 2515
862 859
3350 909
117 3351
117 887
117 3354
117 1863
117 361
117 2903
1003 1674
1003 3347
1104 44
3373 3374
3382 1529
883 13
1529 2369
1346 755
3093 1805
1694 2712
1694 1539
1694 841
2122 609
2122 190
797 221
797 3422
3423 2510
76 609
76 1875
76 3433
76 3436
76 165
3444 933
3444 3449
2219 746
1105 801
3450 2243
1322 198
1322 1854
1322 3455
1322 3002
1322 1015
1322 2443
1049 32
1049 2367
3469 1853
2533 3478
2533 3479
2533 3480
3487 1853
609 1059
609 310
3494 735
3494 108
3494 3495
1740 3059
1740 2821
1740 2320
1740 220
1740 959
419 993
2230 3088
2230 462
3511 446
3513 3515
3517 2045
3517 805
2955 1284
884 268
884 559
884 281
884 284
884 287
884 3534
2159 2196
3543 3545
3546 2932
3547 1057
3547 1669
268 2567
3548 1477
3548 2490
3555 2478
3558 3560
3558 310
3574 1539
3528 1459
1990 3584
2201 3589
2201 3593
120 1838
2062 2010
3619 190
3619 1547
554 64
2332 342
2332 702
2332 1539
701 1674
701 197
1121 328
1121 585
1121 2194
1121 927
798 670
2654 744
2435 1381
2435 307
2123 2263
3676 1744
3678 1273
2015 532
100 3685
100 1077
100 3690
100 3405
100 94
3695 2136
3062 3697
985 1020
985 1291
985 460
985 3105
985 2195
3708 827
1431 1842
1004 3736
1004 900
1004 3740
1004 3655
1004 1766
863 230
3748 1841
3138 27
3753 2664
1976 3059
1976 506
1976 3758
1976 3761
2209 1277
2209 679
2209 786
3396 678
3396 3778
1125 310
3781 3118
2410 2667
2410 2775
2393 1854
2393 2719
3800 310
3802 154
3368 1393
588 1136
588 1143
588 44
2676 529
7 2980
3824 3826
3824 3827
3829 3830
3831 2755
1471 304
19 3816
1665 3091
2547 1106
1126 142
540 1695
540 3859
540 3868
540 3104
540 3873
1472 1211
1127 3892
3896 37
2836 282
2836 3906
2836 330
2836 234
1588 3911
3916 147
3425 3922
3924 2075
3930 3931
2010 3445
2010 207
2010 212
2010 3434
2010 3938
336 1290
336 3405
336 49
336 3807
3295 662
3295 1166
3953 1025
248 617
248 2161
248 9
248 744
248 892
3961 800
3962 2821
1273 3966
1273 3967
1273 3970
3984 199
1966 2939
337 1581
3997 2486
2889 1106
1977 2719
2113 2120
20 181
555 161
555 2847
4011 154
1714 147
3589 2208
4019 1477
4019 859
3412 1185
4025 1348
4027 1144
2178 317
3125 2443
2495 2362
2495 4034
2063 1076
2063 1392
4050 395
4054 3060
1508 3334
4061 3945
345 161
345 1326
345 1475
1947 275
1947 277
1947 289
4077 4078
4085 1377
886 726
886 234
4094 620
3921 328
3921 50
4100 996
4101 1211
986 3141
4115 4116
4117 228
2655 4120
4121 1922
1052 1837
4123 1211
189 43
189 538
1978 2263
496 924
496 2146
496 1913
496 48
496 1629
611 3282
611 843
4147 4148
3698 259
21 4161
21 4165
3257 4169
2651 1654
4174 71
1053 614
1053 900
420 3286
420 4179
443 1701
443 480
2646 3686
2646 4195
2646 64
147 4198
2019 2764
2019 319
2019 1822
2360 2987
1741 73
1820 4211
3885 749
3885 755
2586 255
660 275
660 844
1235 4229
1235 1009
4231 1338
4238 4239
2632 480
4252 2242
4253 193
582 459
2713 228
4264 3207
1979 4266
1979 2513
1979 4269
1979 4271
122 4280
1793 185
4285 450
4286 4287
3832 513
4292 2258
3843 284
2939 4296
1562 721
1562 203
1562 4301
1562 4307
4321 163
1525 4289
1525 4324
1525 4325
1525 4331
3768 685
3768 1175
466 1381
466 353
466 1023
466 755
525 728
525 3212
525 2812
190 3613
190 390
190 1838
190 3610
190 1082
190 45
190 959
190 2721
4368 645
4347 1805
4386 2283
3641 1015
4388 2535
3858 3053
3858 4396
3858 1175
1674 4401
1674 3431
1674 755
4404 1216
4405 73
1477 4412
1477 2771
191 505
191 4424
191 1831
2730 1684
2793 1434
2793 1210
2793 313
4440 2196
3364 1006
346 4446
4457 2299
4459 476
3214 1057
3214 2275
4468 4470
4468 1710
89 1729
4480 4481
4486 806
295 1366
295 4487
82 3826
526 4494
526 307
526 1099
1684 4503
4513 529
2231 1813
2231 4095
1577 3143
1577 4057
269 9
269 508
4525 50
3886 1998
2232 4536
2232 4540
2232 4545
2232 4546
820 4548
820 180
820 140
326 35
326 1483
326 3740
326 3056
326 654
4560 1350
1238 3989
1238 4566
1238 48
1238 807
583 4576
1030 1076
1030 350
1784 73
1054 745
1054 897
3642 1419
172 60
172 678
172 2205
172 4507
2619 538
3585 313
2607 1567
2607 3625
2607 2575
2607 515
3729 318
874 2251
399 3735
399 1350
4439 4624
1347 1746
1347 1729
2309 732
2309 1970
4638 276
2679 2489
722 988
722 2020
722 1563
4643 4092
4645 4036
4645 217
1610 1831
3184 1071
3184 1331
4658 33
3805 1654
1538 4322
444 196
444 1969
444 459
4686 3776
4686 1572
317 2821
317 4694
23 3719
4717 3453
407 834
4720 1158
1074 1629
2672 13
2672 4730
2764 4736
2764 1327
3451 1348
3451 679
3451 730
4748 453
2917 749
272 614
272 743
3360 806
767 4779
739 618
739 285
739 289
123 2770
123 2597
123 663
123 564
123 744
123 645
388 4791
4778 1284
4778 151
4796 1495
1117 1851
3361 1813
2633 1698
4804 4805
1980 1338
2653 2653
2653 4809
192 4817
2233 1395
4822 1473
4822 4823
3141 2994
2234 4836
193 281
193 2919
193 2098
4433 1506
194 1400
194 143
194 654
3452 638
3452 4852
59 683
59 959
4298 517
831 742
831 2017
831 2929
4018 4168
1057 1701
1057 1071
2397 4892
2397 3599
4893 740
274 643
274 4901
274 11
275 2161
2828 3537
988 3615
592 2618
1434 212
4398 4917
4775 185
1479 1903
1479 2017
2378 4758
1698 2339
1698 2370
4729 154
4945 1958
3275 2855
780 4770
1480 4955
996 2289
1435 4959
3861 226
318 3636
318 1475
3754 656
947 1841
447 732
447 640
447 2953
447 4568
4976 4914
1600 1326
4978 924
4983 679
4983 3532
2841 30
2841 4986
2841 4987
3783 2981
3783 4990
593 400
593 652
617 3814
3715 5004
3715 4504
3299 1316
2181 635
4257 73
4257 339
4257 3371
1742 392
1568 4463
13 3737
13 2781
13 4244
13 2803
13 44
13 2098
1031 2741
558 1623
590 5051
2000 644
618 1837
618 285
662 832
276 2829
276 900
276 3083
276 78
276 288
276 463
276 3091
484 10
1795 44
5071 3486
4537 5074
619 281
619 836
4378 3515
4378 2718
4378 5077
3474 909
4259 2362
4259 4478
4259 2544
1334 4636
3445 1388
799 43
2091 1506
2091 4282
2091 219
2091 2017
322 50
8 845
2816 5099
989 3073
384 4843
1139 900
1139 1991
4561 688
5110 3322
5110 360
5110 2293
2109 350
2109 10
2109 4955
2109 736
2109 4632
5120 1907
2267 2490
5124 645
4084 1026
620 2047
5140 2722
1058 2130
1699 2263
278 2161
5149 279
595 1211
595 2486
595 5153
595 1185
5158 37
2110 1724
2110 575
2100 907
2100 5169
2940 2375
5191 1009
5192 1581
3132 4152
867 1954
867 507
867 5220
3035 4128
1366 5227
1366 5232
5240 1473
1876 1996
3735 4237
3735 4313
2354 2478
2354 1011
4994 3075
5250 164
5251 1680
724 4239
5256 1180
5257 1729
1641 2120
4672 454
2044 2674
2020 4863
4501 4089
5285 220
328 5292
328 28
328 5297
328 1748
328 5303
328 3870
328 219
328 1885
328 1926
5314 2034
2021 931
5320 2974
5325 2027
25 1400
25 5328
1700 2246
5343 1059
5343 3553
5345 163
3505 4826
1701 2140
1701 41
1701 842
26 1945
2313 2371
2313 5354
2313 3982
254 857
1348 4481
1348 5359
1348 859
1348 893
1348 4189
124 34
1314 4497
2997 1746
125 2519
1416 427
5379 1144
5380 164
3259 5381
2749 3002
2749 1838
5312 1556
3012 5388
1530 5391
72 4168
498 2897
498 5396
5400 5401
5101 2248
255 533
350 900
350 1394
350 3439
749 390
749 340
1400 5422
2400 306
2400 44
4703 44
1790 5438
1790 232
4279 5441
4184 1552
5445 219
1810 2098
1279 5452
5454 5055
725 2785
174 3166
174 1027
5468 2005
5470 1689
5470 310
1281 234
3187 1905
2551 3500
5486 2046
5498 212
1948 5504
1755 645
1755 872
3839 807
3840 5510
3840 1535
3500 501
3500 3925
3500 3000
5524 5525
1282 4189
5267 5527
4434 923
887 422
1401 2264
1401 5219
1401 1453
1401 5554
2525 310
5564 150
5567 1290
1225 5574
1225 92
1225 5575
4846 154
1060 5580
5585 425
1769 5078
1769 502
1769 1791
408 180
5395 2401
5362 1703
834 2208
834 535
834 897
622 313
5616 761
5623 162
1569 3883
923 1864
5631 182
5631 185
2160 900
2160 1065
5638 1473
623 162
623 1516
949 32
949 2358
949 44
949 1330
949 5642
949 2006
5643 3197
5643 362
1402 9
1402 2479
5654 734
390 632
390 1685
390 1270
5658 4189
674 1097
674 2328
674 1274
4413 2913
726 5664
2067 5665
2167 537
5669 450
559 4190
2078 459
2078 3322
2078 975
2079 230
5677 5678
4754 1020
4371 2246
596 5681
727 2452
727 1181
727 4492
727 1896
727 2371
3536 202
3536 5683
3536 2563
5685 1552
3544 3544
675 3636
449 5696
449 4929
449 5697
1199 656
5698 4128
5700 162
2022 5703
5572 2510
3524 300
5712 959
1392 212
1392 2723
1439 137
2994 2168
2994 3928
2994 651
1850 754
5735 216
676 5740
888 3807
5742 37
2437 177
2437 2009
2437 460
297 5747
297 3865
297 5749
450 3595
450 2215
450 2702
450 1622
450 1595
1957 5768
1957 755
4848 1325
1702 5197
1570 627
1570 4890
1570 2579
2744 2247
2744 2414
4674 707
977 515
5797 4794
196 1350
196 5800
196 1218
2116 3442
2362 3366
2362 3991
5812 5814
2363 1506
279 283
279 807
1007 501
1007 2887
4063 177
4047 73
5834 1804
1601 2995
5836 73
5836 5837
2695 3982
2829 1082
2829 5849
161 3942
161 1450
161 4126
161 2293
500 5861
5867 229
1744 34
5870 768
890 890
890 5873
1168 3088
5877 5878
501 5682
1611 5882
1611 5884
2391 5073
5890 5891
391 149
1032 734
1812 1581
1812 3636
280 9
5905 2755
2283 3172
5915 163
27 5922
27 5348
27 4738
27 518
1106 2192
1106 1036
2448 3099
1770 645
5929 5930
488 5932
5938 2938
5943 2722
3989 234
5293 999
2183 5946
2183 220
5947 5948
3624 1331
1703 242
1703 3172
2168 1420
2168 517
2592 847
1512 732
1512 1753
1512 5553
5962 128
4597 4164
728 507
728 1746
728 5200
4825 2379
4825 4911
2184 2759
5973 352
502 924
502 2017
502 876
502 436
392 4268
4855 1473
3671 308
5920 4280
3283 744
5999 1678
3038 6000
3038 3441
4704 29
3826 568
2011 6009
2199 787
2199 4522
1373 2669
1440 999
6019 1082
2277 185
4469 2851
2597 3435
2597 357
2597 6022
2597 1071
1715 638
4497 2258
900 6030
900 256
900 1063
900 3028
679 575
3419 2803
6038 457
4454 1483
4454 871
1547 6044
3075 851
768 6050
768 3745
768 1264
6052 5316
5699 207
6062 6063
1441 1077
1441 361
730 3152
730 2002
627 1160
2092 1185
3976 425
1288 4615
3737 639
6090 6091
2567 5956
1531 6010
4677 732
4677 518
1020 80
936 1350
6101 319
5664 629
73 1081
73 6134
73 2896
73 2132
2980 2731
2980 1839
480 1840
480 538
3672 1394
629 425
629 4149
629 1863
629 3438
1062 2371
1062 44
5113 1680
2781 49
2781 538
1403 1015
6176 319
2334 1039
3625 3943
3699 220
2263 2618
4628 1338
3864 517
200 1092
2001 6200
201 1548
201 2556
201 4630
201 2196
3431 6210
3431 807
760 305
760 426
202 4205
202 1692
202 3703
202 2037
202 736
281 809
281 663
281 744
1289 3702
1289 4205
2970 6231
3167 1813
5574 3172
3477 149
3478 1493
28 6254
28 5845
28 1620
28 1071
28 2377
6257 518
1625 43
1625 1628
6263 3147
2788 1678
6272 1739
6273 10
3609 3702
3609 4205
1593 47
1689 165
128 64
128 6281
6284 48
2943 4630
5331 3741
6287 3928
2587 1956
3096 1160
6065 2504
6297 1614
6298 489
6299 167
1958 34
1958 5247
3719 6308
452 956
1571 6314
30 754
1290 746
1290 3850
1550 6324
1550 2414
4352 3901
4066 4951
4268 2140
631 1908
6332 4695
1482 3271
1690 3940
3711 6336
3711 4196
683 533
683 1594
930 2995
1922 6122
632 638
2504 2098
6260 4126
1981 2358
1551 1453
3689 2995
3689 1210
3689 2275
3689 185
177 2140
453 1581
453 841
6357 1274
31 1212
454 1733
1144 1255
2755 1845
4340 6365
4340 513
773 2913
32 4550
32 536
33 313
6372 1634
3391 6092
2657 2657
2657 3233
1180 4213
1180 340
2452 4244
6391 894
6394 786
4301 1581
6398 38
4912 1453
3615 816
5417 2440
329 48
6404 6405
4944 6322
1249 6418
1145 243
963 1506
963 3603
2364 2009
2364 426
2364 518
162 2981
6429 6430
4228 135
2759 2785
9 1385
1227 36
2140 3631
2140 1475
2918 1358
83 424
2995 1411
2995 1519
2995 2510
2995 231
6446 2880
455 425
35 3363
2789 1274
6453 3506
6456 2258
2016 1724
1169 94
1169 80
1291 4357
5271 1326
1418 6466
1418 2141
1205 5129
6475 3876
4678 1325
3188 638
1419 1419
1419 6423
2228 4832
2582 3769
2192 644
2192 48
924 6503
2337 4325
2365 216
1021 1506
6509 2289
2338 2193
801 131
561 62
3265 5610
6514 2257
635 6516
1340 2974
6519 4852
2952 1557
2358 3171
2358 6526
2623 6472
2623 5473
4354 6536
4571 692
6235 5410
6235 3788
4281 586
1813 507
6541 1857
1294 2243
456 4274
456 6551
91 638
91 6562
91 6563
2701 1473
6568 958
36 6330
36 1945
2339 1821
991 1473
991 395
991 4179
3285 41
3285 1777
1063 744
5814 3436
5814 1082
2289 1902
2289 3052
1902 2779
4324 2745
684 872
423 644
1093 638
353 427
2148 1733
2148 2207
5673 1325
37 6132
6612 4567
1409 3171
1409 141
5901 1739
38 1267
1107 1039
1929 5254
964 3497
1469 361
2773 2047
2773 427
1108 638
1108 426
5018 2264
3021 163
1821 3290
1094 64
1095 3040
1023 425
5264 92
92 6638
505 182
505 1216
2557 140
1420 226
1506 841
1506 1622
1506 5497
816 163
3215 163
6652 638
506 4139
3085 6659
6663 686
663 284
663 1068
663 288
3852 5058
474 2370
1483 5283
207 4568
410 3497
410 517
6688 2017
1791 3628
1350 6705
1350 3198
1350 4149
6708 1455
974 6710
5129 437
6712 4032
638 4343
638 2747
638 2812
638 570
638 6722
638 4032
3235 48
209 6727
1096 282
1150 4833
6728 4742
163 6731
2206 154
2242 149
2745 6256
5655 1686
355 807
2211 6736
2296 656
6741 137
2456 1845
1445 4956
5942 6487
2045 1856
2045 4282
685 3320
685 94
685 1831
6751 6752
639 3204
639 4150
210 357
210 1453
4500 357
211 1942
529 41
1209 1556
1085 3271
3347 2370
3347 1078
3347 2252
3740 1831
3740 2072
6772 978
212 532
212 4206
212 1839
212 1862
212 1736
212 3637
