14569 9511
1576 437
1738 15742
5790 9226
1538 3338
5887 22718
2606 2505
2058 10055
3065 20518
1431 6749
4275 14889
8098 16988
1096 3205
3338 1845
22364 2823
6742 11379
21273 297
12533 2896
3652 3395
14743 9272
2141 4212
11735 3020
2475 11613
4556 9067
15025 5413
1684 2430
1067 16419
361 2769
963 25912
106 12796
7029 6045
4645 3462
13201 21391
333 1954
2887 8327
15828 12686
510 2163
9600 396
5204 1974
489 7639
25723 567
7734 11876
261 3840
8581 674
1884 6947
277 6890
1560 163
12060 14336
2948 4371
12145 9729
15768 3976
5819 5654
875 63
16063 12077
917 62
6164 236
15133 103
3236 838
352 3727
7941 228
3137 389
2035 4322
4250 9990
14353 1198
3175 2099
10849 4960
1519 13379
149 1154
22610 13741
22365 10052
6075 189
10956 212
19895 7853
9032 2714
17836 6565
2355 11341
2018 3497
1067 4284
111 3812
4347 5123
9282 11789
2102 11855
5793 22366
7425 7300
755 192
2210 7617
10360 7065
1915 9007
865 220
11041 10669
4989 3771
3402 11084
2193 1146
7632 10043
6549 1417
6039 63
804 12990
1159 6780
3467 436
1832 779
8396 1978
5204 189
7842 2257
4096 22145
1046 182
1806 4273
9124 7019
148 487
9104 21299
1986 745
14812 436
2309 952
10040 11833
2679 675
5650 852
4296 17878
4292 13654
14311 7014
1494 2823
1806 2776
15594 3018
2300 2939
3977 1680
1686 3363
868 10455
1976 3562
7260 1192
6168 2188
412 2333
6780 8567
6028 104
869 1759
4861 7506
2909 2210
1505 3503
140 20679
6882 19312
13890 106
3208 3959
1016 1753
15773 3916
9302 4202
15998 19076
1833 9367
15714 495
5052 1122
15850 2043
14608 2660
1008 20074
13459 1181
14172 12458
2204 122
1079 551
8738 2102
1731 2714
4474 4882
6525 413
2286 9009
14103 7385
15978 2475
13082 2613
147 1648
423 9054
3043 11376
7757 1252
5117 19248
897 18273
91 647
239 1117
535 14624
8401 8102
8402 21002
153 4494
8402 444
2265 6405
4376 35
5382 8720
11872 7180
710 6655
1922 105
14978 464
25028 599
1624 1135
5030 15269
7043 533
4522 4331
9616 14371
3049 148
122 1201
12404 4435
7915 6930
1768 3861
146 2572
852 2434
2168 12490
1613 168
8202 14196
7722 6739
8335 33
4723 13147
785 307
2270 2441
13443 6581
4669 4099
11105 4464
2823 880
4460 1021
3790 2520
4276 2123
2618 6755
2071 2288
4283 3636
9169 753
8543 6742
2599 14904
990 615
2131 10505
12860 7802
4780 1083
220 11399
41 3205
10654 208
414 3227
1593 3303
321 7795
18814 12860
8726 2379
16439 11368
1017 8999
8081 4750
4028 1120
952 8026
144 4213
2442 1388
436 4330
909 20475
23344 25446
9060 6486
5793 14132
5892 4916
21 650
1524 9321
2121 6637
1342 5861
1280 11518
9217 2722
35 8244
3752 230
10838 1159
18842 12915
1912 3315
1464 12319
7475 1398
101 3260
2845 4290
7518 1042
4948 952
3387 1710
647 263
12434 1559
6818 21761
9470 2777
13846 103
965 2804
1019 9101
473 970
10929 10928
2486 2168
11912 3885
1121 1548
4310 1860
952 9267
4093 2309
1810 239
2262 1287
2550 6680
4752 2391
6121 116
2324 1422
14743 15635
21752 2489
148 9180
1497 6208
1173 333
5060 19130
3754 4960
2021 10511
1618 12158
2568 4405
128 1446
44 5373
1509 6922
11551 2823
595 1128
11024 6343
2366 20353
6188 5096
751 2367
1075 9595
1921 1461
3522 1871
16630 396
675 1829
941 4602
1812 5148
1910 1220
6880 17784
3249 11894
7499 7500
625 9101
798 6420
1789 6557
5915 684
1987 6935
20977 990
676 3636
1005 13017
1960 2220
12736 9505
2858 4981
7927 4457
2867 19955
5394 1728
2321 5629
1150 569
2637 2623
865 221
4652 2694
611 4921
436 1069
7137 6741
1760 804
6597 1993
1 2321
131 11816
3654 3087
9722 3137
8201 13007
5479 1803
4233 240
4867 4639
14909 118
5137 1658
2512 63
201 2343
1531 5066
2047 10010
1132 2168
4199 5147
3507 3178
232 5211
7391 8304
869 24258
15609 4424
2935 62
396 6702
16186 2172
11630 5050
952 5057
22806 2932
2810 4371
147 186
12801 8319
1508 1751
4931 6121
14279 444
8796 6663
11480 18647
16635 889
975 4267
3186 3009
11592 4735
8173 182
6775 17654
7929 5063
12914 5932
2367 166
9689 6163
9678 2030
257 1706
2128 12441
2387 1815
6844 11508
1933 8605
3584 9798
5874 10563
964 1869
13090 13125
14060 106
5618 23
2430 4957
25158 1742
261 7418
336 102
2820 3636
8841 1445
8447 1422
7857 2742
2820 122
17374 5490
6167 11627
16285 2398
7970 5096
2845 1776
1052 390
9361 9359
15841 13682
4645 8115
682 4619
9226 22965
1235 2061
2011 2950
2300 6119
182 1295
4447 686
10967 244
7513 6811
13427 14523
6723 12414
35 1031
245 2559
1839 3185
1585 302
246 8389
639 1971
449 2867
13285 7724
18733 9595
2124 342
2934 1171
2304 3794
10792 1680
4987 19858
3278 3020
6921 61
3230 3406
117 2176
1153 4316
6169 1074
9115 3556
870 1783
10224 14202
7368 103
1779 23
9779 2459
4327 2085
8830 1890
14096 1835
4191 1508
9648 1058
229 4847
3308 1754
3706 4797
10633 10424
2168 10784
1429 5118
10572 17170
1303 166
4701 2820
415 3205
10067 1159
3019 4970
19821 21140
12242 173
1973 809
11758 140
6736 745
122 18512
25203 1793
9351 74
7967 5282
6072 168
239 5294
6885 5174
8433 7266
12897 2261
1525 7034
13140 22577
1733 1680
611 6151
3506 42
12170 7409
4634 413
436 10719
3037 2419
14152 6840
8646 1067
17586 3497
3625 1938
13176 16751
1812 7769
63 12250
1091 2236
3578 15605
5629 1738
277 7089
10360 14223
12926 489
10751 22605
28 6672
3257 5489
1560 6884
383 19660
7003 6790
13223 11819
118 1659
261 417
8380 6094
119 5127
1033 6547
5667 2073
14041 6358
25949 2073
10158 5108
1220 1806
4701 1160
7894 21344
16702 7860
14061 7700
3282 3726
1222 311
2677 3189
11 1120
4038 22734
140 20550
803 302
6444 3314
3222 17884
10646 10115
2040 5983
1616 2308
62 10011
12920 941
11700 11405
9888 3678
1801 12580
3838 13497
2059 156
13876 2130
16466 1280
17657 12801
1743 1382
156 6988
8115 9262
4702 156
12599 2949
9241 3646
63 11553
2150 6603
10305 61
138 2404
2663 14681
2730 886
17127 7889
766 214
1264 5249
22233 589
2368 16057
1999 999
2140 1075
1927 9202
7809 8238
16 3217
4522 10059
14288 393
9085 3700
24496 8592
952 8112
620 2251
1682 6592
9745 246
1052 7233
14837 1083
1280 7590
6046 30
922 1898
1795 1725
22471 22478
129 7627
10406 12050
13597 1855
4301 61
6895 970
7734 5063
976 2151
16814 3186
4046 718
1207 14109
4667 135
2859 6289
1263 550
5882 5300
1083 5749
6273 5143
6419 2771
3714 6808
2604 1808
2430 5668
1046 17128
4774 3050
4754 3051
15791 6121
396 9439
9153 3624
5436 6836
2560 140
11192 11690
2316 24946
1801 7408
14667 21280
2808 4914
1140 9144
21266 42
581 1335
302 13754
6352 18217
1570 5441
17860 6156
1538 1889
3735 126
2834 1121
6137 6178
35 7398
5762 63
2341 1885
1508 1392
11642 1669
9110 2705
3052 14444
18847 170
16947 122
3562 11348
2288 2952
2072 321
6025 5701
3483 3137
2254 16045
9960 459
22171 21289
3596 21131
1760 12238
9732 804
13134 13814
12926 3631
10692 11918
23 5979
5250 1594
4240 7819
2431 5404
107 15961
1140 61
163 12029
537 5030
5369 1386
8635 5540
9182 2472
1962 14756
1844 2823
5955 2194
8330 1738
4266 10353
456 436
1049 2475
1692 2364
4661 252
4843 14177
7065 6242
840 602
8185 3005
9773 2404
2117 4678
8800 13200
7042 8883
2405 1551
3532 753
12783 863
3383 6880
2750 869
9964 1052
17727 13466
15279 473
11782 122
3462 4812
1809 134
11474 18078
10364 1441
2002 2017
994 7809
154 1118
1200 2300
5052 1005
4437 4048
3584 534
2471 551
1195 220
4380 307
3679 184
2747 106
212 206
246 506
6486 6175
9726 3654
7345 2742
8203 1798
122 4031
2475 12801
17428 2823
11776 3490
7265 2111
6056 1731
1648 3621
6718 5069
92 185
646 186
341 10792
3372 4405
1230 3050
5437 21
9014 4763
1855 3483
21180 5875
4243 910
1642 2340
2842 413
11961 2575
2575 8381
2823 9724
35 8415
2857 4203
4602 63
368 4313
12939 11295
10856 6358
627 1614
6977 697
15917 5812
928 2096
3725 16530
4432 4368
5316 3218
1557 2165
8138 6885
6771 12026
7967 17773
4250 2664
9244 10153
22261 4804
5151 5041
11897 13620
3710 10246
1746 23262
13910 4046
4570 1927
2299 14139
14517 2194
1126 9194
4096 1961
7972 4867
1015 9999
197 7572
2604 9137
754 505
21471 4329
13374 22173
3189 120
14451 2922
3276 1176
17 122
2719 2922
1548 4052
3463 27
869 9584
20560 12152
220 4224
532 22975
14101 7766
2943 1635
947 7769
3149 1678
7376 894
1120 66
1536 2290
2939 4232
22915 6939
2859 7405
20560 11783
870 15857
255 12462
367 1613
19887 2768
3052 1992
6209 20333
14065 2059
2367 4782
5206 11052
7687 24535
4139 23261
4975 3706
2358 3985
2240 291
595 4186
10072 2256
321 4174
1823 8642
302 12188
3394 3696
10402 8335
1280 20099
7319 8585
6434 3115
567 7344
1123 1266
61 6772
6030 19130
375 1627
11091 17791
708 4303
688 436
118 4564
3819 1192
388 3646
2820 453
1074 5557
240 13533
1382 7036
2568 396
4911 979
794 6473
9370 400
4082 6955
2948 1606
198 3222
13275 1036
13966 2221
118 5571
8285 178
7827 1243
4094 274
2333 7574
1605 4502
691 4942
7342 21089
952 1645
63 12605
7688 1506
21798 3947
4045 13365
1896 1071
3052 140
7979 10655
2302 3189
4916 4987
2291 3050
8255 9979
14282 2736
9192 5108
14508 208
16514 299
15389 865
8149 3588
2767 84
15553 1225
4725 684
7616 5680
5601 11248
41 12976
4586 117
122 363
8509 2564
9242 7031
4750 8346
8887 239
436 900
2924 7149
2893 157
466 227
4426 14928
153 107
10715 1833
15732 11132
3991 5629
9668 10155
23968 9025
2475 20708
4975 7558
1813 12874
921 10654
5180 5260
3254 7191
2903 1992
2788 614
4190 7356
11906 13371
7574 430
4648 18961
14614 7029
5744 1961
16038 14659
2810 6818
1080 928
9219 7432
14914 116
6336 1841
6033 23
16287 1484
7507 3826
795 19001
12489 12060
6449 212
11478 2047
13120 2265
9284 12441
52 232
758 2859
12486 1069
6137 2407
3647 2740
119 5400
5156 2267
9417 5848
1153 6661
13109 2123
482 5955
1848 140
1904 6762
1377 19050
6216 14282
6532 61
1751 3979
2742 1590
18946 12662
566 12912
2130 4266
20562 4943
5795 5254
2300 3790
15446 1619
6857 2168
11835 4088
2370 5779
2073 3584
14528 7042
3885 7594
1917 9999
3007 442
13264 6260
8575 10064
122 8373
1824 67
5598 5756
436 2531
2461 63
302 5509
4445 858
10736 4099
18748 9190
8090 22576
5300 5017
3796 7020
1118 3002
1524 2840
8290 5744
223 19808
7019 11776
14380 10102
675 6826
103 14963
1074 5158
2018 4232
6514 2826
6877 2887
11675 3000
5853 7058
5612 2416
2012 567
8376 198
3829 10471
965 6302
13688 614
4334 14502
3666 5
3287 4734
383 13285
14781 360
11191 10847
1852 4435
3813 212
8056 120
1762 921
803 10692
2978 649
4635 318
5327 2823
9686 2360
3844 611
2924 708
14958 7663
16451 1644
9676 2714
8907 2596
1791 14659
6852 208
121 761
2679 2244
2722 382
2169 12891
41 10487
9798 1720
6868 10367
11678 11553
7213 1800
6890 8358
7323 5351
8076 7654
410 930
10356 7185
44 3706
7225 8621
5430 5026
4296 14343
9888 2407
22308 21706
667 3483
10808 6176
2750 3156
3082 12243
5399 5693
992 4519
4715 6684
3315 5415
461 2073
2796 15707
3768 12419
3892 3957
4635 13
4254 1770
5032 19950
966 4554
17678 168
2310 1294
9318 38
5970 2071
3089 15214
1400 7209
9250 11967
2217 12902
8405 122
4832 13103
10807 13355
6785 9991
5506 24170
17243 1222
12256 7933
14350 3573
12152 2134
970 5865
774 4266
11398 2717
3637 4745
3320 1801
9457 1328
3647 2140
4477 252
3230 13
18225 3584
182 1871
22116 4234
616 12848
1680 785
6260 14601
10183 9288
13574 2343
6593 25219
27283 17619
13224 5971
436 8665
1732 10055
12008 5362
641 11382
9910 342
12754 1844
2141 12597
9241 4184
321 8567
5775 5678
11587 7842
16011 1624
8123 3050
232 4364
3591 997
5135 869
1615 13289
11183 22219
3867 86
1560 4441
10633 6833
745 7508
581 6676
602 1692
4864 4224
2809 2881
4146 13474
2018 9938
11170 41
17695 11266
5731 299
8376 5159
10597 9907
2948 6574
817 1554
10512 2977
2300 3375
3282 2956
3624 3338
2029 1647
4082 6195
7068 1506
22366 9797
3615 7941
21159 3813
1723 3033
3155 9480
6955 128
4460 9064
1789 1942
10128 12874
1538 2005
2350 735
2553 3115
349 16818
13832 17136
3288 13678
850 2523
10055 4245
10506 9779
7069 5892
656 10122
1518 2825
139 3699
6895 6648
7122 1813
4253 7066
10245 166
362 2599
1745 2378
19839 157
7122 1029
1105 7544
1999 2387
21299 12145
4108 2018
3915 321
14106 14156
4291 2350
1644 4315
1908 581
9406 9017
1167 1027
7809 1606
1756 7772
1067 948
161 10344
9771 1727
1742 14275
2493 10735
7712 2430
14844 5636
2475 5070
695 4518
302 13735
11258 1234
2257 2105
4644 8609
753 21418
2795 567
20131 1674
8904 246
13868 6396
14673 2731
1854 12752
691 1010
2151 778
16990 9019
8051 3985
2121 333
22909 3631
1140 8076
217 9218
1160 10887
13328 15714
310 7549
9436 7841
13795 2628
6520 6767
302 5807
9903 79
24687 17119
1502 2030
1656 1858
5796 15773
3209 1743
14906 4226
8821 61
21540 884
4002 3925
445 4664
2340 1973
9353 75
9105 429
1512 3971
24173 27645
2008 8252
872 2497
2774 4759
190 8107
12039 16046
2102 130
1287 5207
9982 14409
24291 9367
694 2320
3995 2617
7732 13414
876 952
21319 16887
1918 8739
217 952
2344 10055
149 5268
20974 4334
4538 9321
6849 9061
6421 2972
15530 2164
8338 2914
1846 444
7677 7501
1245 6027
1942 148
6371 5080
7847 4355
8313 902
8428 249
1035 4761
7408 15203
93 2996
2873 6981
13201 2075
15425 1182
4467 6203
10947 3334
35 8541
2895 140
8198 4368
594 9948
1918 2213
8594 1159
14491 2823
10604 9242
8955 8550
342 459
7541 9438
15838 42
122 12
3522 1876
14375 3706
3908 1176
3594 15204
8898 6190
15192 5986
128 2289
1543 2329
2404 4906
4196 686
7386 10487
4 1849
16435 854
1788 1912
10620 42
3144 5130
30 6797
3985 5950
2141 261
17111 321
622 7036
1780 7028
2131 18325
963 7727
4299 148
4236 8716
7472 14557
19607 12198
14558 5932
9413 2662
1040 152
1663 2040
1057 2292
941 301
1594 128
294 11379
321 5299
4505 7638
17902 9450
151 2515
5235 3372
717 4382
26931 3572
5735 6303
3182 4022
2344 2573
5608 8760
2715 947
1509 2105
22275 4987
979 3492
1062 2813
217 4931
6646 184
810 7944
2040 1716
1151 1680
8304 106
6623 13310
9408 2128
277 1
6558 1160
442 48
154 2069
9318 10570
4590 1721
252 4150
4170 122
11566 862
2056 1105
4038 4707
9026 228
2018 1812
6582 297
15599 2710
14587 5438
13233 718
1100 3137
2148 1206
14719 674
10052 7260
2144 7237
1138 1765
4038 14085
4609 1950
12812 168
2493 4681
4346 63
6203 2810
8089 7807
1646 44
3965 140
61 9450
1488 1285
16262 952
8763 1121
2261 9101
11322 122
2199 5730
277 14065
2309 5158
2076 8096
35 3924
581 396
569 16138
429 16776
3432 7169
7002 22193
569 4931
5848 1804
6508 8282
9797 21276
12820 3947
2636 1050
9637 1933
14581 3593
8695 2538
2188 12805
321 13975
73 408
6574 6904
122 18409
14711 2162
13955 6604
1542 10262
13658 2705
4282 12487
5914 22597
69 1605
3334 13432
4130 2683
10296 9743
122 9323
726 7396
22848 5740
2501 321
15764 4619
14191 181
3473 1738
2047 9960
9619 2939
4681 35
6576 10755
127 14088
5547 2051
3661 5760
3771 4771
10544 3864
6444 9524
567 2207
1699 1618
8803 110
8050 6868
11218 105
11456 8536
2391 2823
9222 10610
6824 9769
7424 9020
3487 24076
4437 428
7722 12980
3935 1703
2008 14930
9428 2194
4405 5387
11071 2368
12939 3706
832 16773
19994 4467
8222 2916
4403 2023
5105 21180
9433 10910
10544 5215
12255 8324
2810 7733
1117 12880
7029 2645
12743 8647
404 3782
810 4981
1594 847
62 10099
1109 800
9277 3327
4911 1506
4198 2742
9201 10036
900 3366
2447 9571
122 10657
657 3992
2326 697
14409 5442
1968 16495
1682 1212
692 8501
4882 2151
120 14031
4467 1159
745 3466
6765 8551
3182 2385
21826 6719
1145 370
1725 3318
4313 1789
23 4465
7743 2078
8383 804
190 1742
8678 276
4233 5404
5194 1762
2452 4203
5422 1716
611 13620
9790 6637
9642 140
6544 1508
5227 3348
122 7406
1835 1920
10072 1388
5023 21140
2475 10320
5578 5907
16334 428
383 14938
12936 5431
17243 122
1904 6388
7289 1739
9858 1639
4441 16406
6169 12837
2857 872
20117 6620
8762 2304
5135 1568
1461 9332
396 11332
1710 208
804 1018
5840 275
14441 10346
324 7585
2979 4970
9055 15183
1003 3873
12334 1840
14453 1097
12077 13009
2822 852
6882 30
4828 2627
13658 13168
4316 13667
611 15429
89 9201
697 3811
3015 117
5820 5629
1422 1160
902 61
20882 356
13574 721
21360 866
6203 3189
22663 9611
1954 390
2061 15263
7946 9108
3282 16804
4403 4314
2823 1687
10297 15246
7292 1470
14020 5063
429 889
42 12603
1642 4313
63 1236
7566 9362
21574 4318
3771 19951
12959 9425
473 3979
5955 20500
3892 4258
1080 6075
14742 11534
3917 692
2105 261
2495 349
16771 301
15027 15184
2367 36
3297 472
7215 321
2048 15066
20972 7807
9825 396
695 1619
7774 8551
8578 3813
13972 13228
8386 2187
21646 12616
9836 2291
5678 6069
267 14837
9402 2855
11848 7248
293 2830
15354 2730
1992 6786
2472 2217
1105 2160
21344 2242
9509 16586
436 7542
611 8929
2624 11836
299 7135
2837 5783
4266 12008
1992 16275
1029 277
3031 128
1760 14701
10455 1238
3464 4125
8572 8162
107 4561
14196 308
860 2617
1099 1884
6178 4096
1889 75
6725 1004
1673 8766
426 14688
4258 934
680 8305
2214 3977
122 430
869 4174
9838 14080
7685 5384
15276 4839
13090 140
22775 17125
953 7388
14904 4374
2228 16183
15036 1777
10092 8904
12519 3461
3182 1529
882 3012
61 5072
1806 1202
3601 4046
6771 1791
1778 433
14282 15174
23305 2901
452 9536
3239 5294
7101 112
1851 2523
16722 14379
5162 22610
4311 1999
3150 2104
20236 5235
13347 3620
598 2829
1512 2218
4208 11090
101 54
14296 1029
1856 6001
17475 9452
4506 10360
3372 7924
4809 156
4773 7478
2842 1508
13078 8240
821 20578
8531 1479
629 2700
1921 7395
3954 307
16419 396
338 4345
2148 5230
12155 10583
5715 5589
838 158
4272 3492
4600 8772
3706 16198
2047 1067
7053 2380
4939 5692
3800 2210
12026 321
6156 5403
2536 2583
9815 10501
4529 3157
2904 11132
10247 1969
4702 1973
5753 7586
1963 4090
9187 14005
16391 8185
99 10826
1780 3722
8925 20130
11229 2085
1703 10811
708 6561
251 10706
1581 4737
8867 2132
1760 8022
1517 1738
8876 4134
8279 506
1160 2015
2309 2217
5824 1623
11715 63
6762 4460
2058 1569
3000 6153
6946 2316
15697 9776
15826 1543
13306 951
9324 7961
383 12444
1126 3184
1677 237
2523 1491
1806 8059
2722 245
21826 15196
6675 9756
13263 4254
5306 2433
779 14957
9144 889
13146 1945
3985 3974
13250 1441
12261 9307
17695 9078
4981 147
2235 1594
1577 15332
122 19243
6889 10238
730 9064
2823 4469
8346 120
7095 12757
9709 3813
9122 10575
1964 7904
22459 3123
9797 12073
4301 4298
15042 4801
1353 7375
8100 6909
313 1
2105 1071
279 7798
842 10728
2883 3109
13392 5399
1264 445
5477 5844
17928 1973
2542 5785
21334 5029
5286 3588
1422 693
61 795
11151 10081
622 14333
11613 567
16113 551
8822 941
2151 4083
13257 327
7783 4879
339 414
11909 3282
1794 9345
6348 3127
1706 940
7888 4372
6194 1126
5911 16890
6072 244
843 1471
2260 3231
8893 5724
988 11908
1570 2656
112 274
18571 9938
393 11237
940 10139
1113 2045
738 2568
798 577
684 3601
122 4339
784 2820
678 3971
17703 122
17120 3320
6649 9727
1925 28
2379 6169
900 7202
1751 21185
16047 3406
5215 4553
1692 4791
103 889
18891 8343
4425 6225
3615 7305
2823 16555
16919 2066
14240 4867
166 5170
9238 1725
1779 2978
7034 10921
8474 7865
22861 389
4879 581
1005 261
1933 8621
2840 1778
106 3220
4387 1081
1579 1127
11655 5881
338 6668
3384 2168
2567 7402
9523 4313
9054 1097
4828 4617
14809 375
4498 6960
21913 1006
3320 6979
154 2210
4617 1742
6581 6575
11206 622
1745 11309
41 7967
626 571
436 12924
2496 10855
13426 1551
2396 2743
9482 9668
2124 481
243 1388
523 19738
4310 6250
12970 4346
35 4600
177 8712
2555 4350
11928 12801
42 10497
5497 1074
2058 928
106 1622
9250 11317
12071 7904
4892 2126
1954 6901
4194 341
3144 3328
16181 10866
21831 5420
1774 7591
19694 122
1577 5004
6826 961
3598 893
157 917
4166 140
3218 5
317 450
1238 3819
186 288
2815 9661
11898 589
22070 6885
1553 2080
615 2152
9587 357
2061 21558
10297 6513
1848 494
2141 594
7338 1682
16267 3620
7779 12183
6024 3261
3462 4839
6025 8241
9637 1441
13350 122
338 2569
9640 10512
21367 23502
5098 12890
5304 321
9724 14336
147 9593
129 4380
5513 6603
2642 1771
4609 7125
6939 4820
7185 9236
17215 15277
506 589
1839 5675
3126 1806
9776 12696
13226 511
8780 146
16925 197
2948 3218
15330 14297
122 11449
2975 7317
8123 321
122 18553
166 2465
5937 930
2962 26293
6502 6858
10416 10239
3597 4405
1022 611
1169 1450
665 5652
1192 2550
1959 7384
4841 122
20155 3828
3255 11110
390 434
6862 676
1122 4611
13302 7000
4497 1192
1843 6550
9436 21801
1456 361
20155 19250
3964 2245
943 14732
7164 17129
8536 19876
1674 7359
1538 5454
41 16603
18372 342
16155 217
6929 7736
4310 22597
2514 16934
926 2075
6009 5506
12576 8107
296 16635
1202 14679
6668 8513
4051 7739
8313 120
6870 20293
782 5263
2845 1833
4233 6637
7779 21460
489 6816
327 1569
14074 2523
1122 479
61 10215
965 2320
15055 953
3379 2249
14409 13777
3336 6985
6548 2536
12613 2257
7850 192
7564 4308
7010 5171
715 473
3532 733
479 921
22495 12671
1463 4975
21477 2239
2166 9140
2549 1409
5066 5170
1488 4039
12170 5224
611 608
8319 26188
63 1977
14679 106
6043 3002
2493 4332
21004 949
16035 2776
1496 13244
1745 3768
14234 166
937 1902
12840 390
15672 7795
10302 12517
14748 753
1789 21299
6651 3806
1005 393
9746 19869
16403 1295
3613 3774
148 9121
4352 2923
21828 1829
157 9465
9459 2939
42 9432
10423 6719
9250 1545
5185 2391
61 10194
1776 1744
5373 5215
9716 2171
3280 1874
7044 2300
7809 1835
168 4304
10000 598
838 2484
367 1379
4310 10147
1760 4617
2553 9
8695 3638
12896 6718
15533 4189
4514 8324
1680 3824
4243 10716
259 18045
3852 1211
2671 2246
751 8659
1587 1732
1919 12802
9131 1529
9669 13101
16411 344
1075 3504
13007 1776
15135 4430
10767 920
2951 3104
360 1382
8047 321
103 3721
6486 3896
5064 1954
1742 8442
13961 4029
14968 103
2813 141
5664 749
21622 3290
753 14571
9838 4405
869 433
7031 30
5278 5168
2529 6598
9022 6508
3597 9666
5514 14134
3946 6963
4069 10262
2447 206
2164 41
928 11912
6026 297
3182 438
7232 5543
4735 3497
212 12779
3624 1115
5316 2075
6009 9003
15449 3790
3706 9559
4334 4906
2748 9722
10815 12649
16019 324
1760 378
7623 6163
3022 966
23464 710
1941 4528
852 5407
9616 13374
175 12029
1704 5097
63 11869
3050 2742
14996 810
11918 18710
11414 2736
1167 127
11183 223
625 1106
3305 4247
489 66
1067 14310
4405 10536
4254 14522
21256 2060
7185 4931
11316 7217
869 245
14930 1569
8076 12391
2825 11636
2663 2089
965 4362
972 2178
8248 1639
2128 22915
23177 11155
2867 1283
6741 3178
13831 447
16581 17974
103 2081
14783 16673
2047 1997
2796 1534
9277 9529
6799 589
2839 5053
321 13207
3468 13583
9455 436
8811 382
63 10258
1800 9101
20025 611
24752 2014
4022 10262
6301 1580
1806 6069
2343 3037
42 16902
2347 1496
14219 806
15394 18604
1529 1190
3971 7971
7480 10996
2372 5970
11355 8024
11563 631
2853 35
13868 1117
8028 900
6941 4276
3819 809
1067 6316
1105 8585
9238 9239
2840 27152
4697 506
6004 1663
7480 8248
2334 11531
4443 13257
804 4291
12205 122
11237 16020
4640 302
8474 5115
122 11621
2774 7384
7420 18605
5089 2152
324 4243
1674 924
4009 1167
184 12855
1479 5547
1190 1075
7211 2905
5662 5400
3345 6844
1530 20092
16175 8760
4478 9161
1775 1505
6594 7330
1552 2240
5037 2644
157 5567
1238 495
8375 3343
3131 1585
2462 5411
8669 273
537 779
2875 2383
1780 2569
4819 2823
7544 151
5108 168
9225 1550
928 954
7322 423
949 13685
7185 15122
13362 24923
4148 9017
7128 2731
258 87
2951 8077
4234 7196
3418 2575
6946 2102
7369 3635
354 14008
5371 5420
436 6845
5235 7953
465 2644
10654 952
12297 9424
1560 2650
1463 5411
6163 2008
699 4318
2069 3615
12415 1729
7779 6906
9746 2075
9784 10604
1930 12029
30 5799
2661 19810
1083 16660
2520 1703
10055 1630
2069 1
1642 112
444 2017
16265 4000
1005 11265
2300 6875
120 1034
5069 12489
2341 4073
278 5294
10918 4011
429 15620
2704 550
10125 1052
3776 10035
1669 6842
811 1731
2939 9226
16 2983
4569 15709
1657 1071
1529 2257
111 7424
15329 182
16325 118
2475 9764
17288 569
8202 1502
569 8602
10543 5117
9820 17257
3280 19936
2078 3533
261 12517
12176 3318
5224 4015
1093 2796
1086 4266
3989 2798
588 6164
13602 271
5044 9533
8433 16281
1019 4280
1711 9144
423 9513
2013 299
6152 20748
20130 4099
2859 341
7739 9748
2321 9676
1806 13918
10072 1083
1128 4989
277 1925
11052 9595
321 7626
12339 261
3019 1973
16204 1125
22965 9463
1075 2627
2106 5203
364 4974
2712 9977
962 952
1227 4234
5417 7560
7389 122
4640 8848
8551 3920
1546 19876
1803 7409
12619 4318
444 291
1665 1123
1261 3730
570 536
16291 1806
5180 21286
5562 5906
8691 4609
1578 15050
7859 13007
14021 3518
8887 4212
5211 2895
1512 1933
2238 683
8575 11377
156 5137
25910 775
15735 157
12031 11963
12366 4615
4360 697
9532 13352
782 53
2572 18361
413 9428
23069 383
2641 278
5266 152
8585 119
7837 2035
772 153
5208 5066
772 11776
2171 7466
3559 20900
3254 8168
584 3776
7469 9413
6939 19373
7648 6929
4634 6136
842 811
1777 1255
22553 11666
276 14099
2730 2791
2172 7138
9209 10371
6185 9820
1874 26045
16472 8226
10119 402
14242 4099
1019 10243
3161 4291
61 2887
21290 166
931 826
7773 1406
1 1526
5744 5362
10852 11339
6502 7687
3265 289
170 2010
236 17552
7679 854
6162 6156
6800 4766
354 166
9602 5159
1382 3158
176 4418
239 321
21399 9688
6833 393
21690 1519
3178 6955
11646 1529
17187 1373
5117 61
42 4972
5892 2047
1585 9091
2924 603
691 684
2135 3901
4386 20692
7033 153
2788 6034
11851 11077
11880 826
14906 2418
13168 10487
16346 9230
537 18148
8353 157
15908 106
2357 1075
4873 2748
1774 16181
18429 502
883 4266
9203 10245
5396 5095
9836 22092
10516 8277
17043 24120
3087 1581
21286 5279
3603 5162
4258 15018
2839 1927
2077 13210
208 4480
4057 106
3647 2714
6224 14596
11442 8543
2810 8296
12487 3706
1158 30
4301 8340
10929 16931
1081 4502
13244 11689
1505 12897
4515 3966
569 2265
6358 7818
510 12828
1851 12390
11894 622
3600 3305
715 1057
4045 7631
5629 5170
20801 9762
15978 952
4355 2042
1844 321
1121 2281
7394 17912
7302 10282
9497 958
853 2484
4906 4254
6955 12471
9907 589
3901 7262
5789 2672
6092 198
1618 3584
5821 13741
1226 261
383 13951
840 4519
2214 1793
1519 23746
5999 10487
433 14790
11393 6780
277 4430
6229 7003
3231 876
11979 8354
1731 1806
10866 103
2030 17182
4095 5955
14669 10106
5232 9888
3235 8171
9988 4094
953 4094
1792 106
1835 14485
6752 8342
63 12430
5026 4923
6216 3931
401 1288
14277 2983
4609 5419
23032 10751
2479 16602
1927 1658
3546 9168
122 14839
9617 459
3538 10923
4558 3983
21899 534
2542 14460
370 481
17 5047
3844 1936
9129 479
1786 4542
7034 10064
2348 341
658 7122
3288 3368
7837 388
10478 2400
847 349
5166 6718
4912 19312
18231 122
11497 153
1651 452
7438 934
102 11563
2401 5822
1443 1720
10365 9189
9935 7166
11499 1799
6831 5654
1750 121
20727 22244
11335 1964
5931 2860
14387 341
12176 26032
21356 9359
8126 931
8203 8803
5204 19246
5779 5419
22650 9481
8578 1912
7711 6011
62 6137
5014 3371
775 3735
10438 5948
622 6522
934 1597
4666 11497
5274 4617
686 4847
769 5524
6073 6142
13657 5579
872 1660
7053 69
8768 2748
14158 7025
2736 6538
1704 2731
1176 2337
921 24699
1774 3690
4100 1236
3271 149
7140 2583
1595 13393
5503 1961
20014 13787
3880 8800
3330 9661
1022 2037
1751 7465
6477 1613
198 4430
1813 13021
13429 8102
97 153
4727 3588
2067 15845
217 20124
2978 413
5136 1205
11237 5156
310 1669
1273 7051
1732 11155
6224 5315
11499 338
299 15965
9401 396
3219 8975
61 10788
10139 1098
5579 23108
902 5720
679 4627
3533 2073
1755 9252
10195 9851
4380 122
2188 1957
261 12487
1089 9637
6208 2123
5411 8425
9595 5901
3040 4352
1954 9054
12770 9125
1355 692
2102 10980
964 2297
5933 2556
10214 2493
6575 8763
7025 2141
4820 396
14396 26225
2480 3731
3819 6429
7118 1414
3507 1510
5963 2141
8278 348
11265 2709
6932 2576
6449 2273
5135 13886
63 11027
4460 9948
2204 4254
399 10494
3303 16420
10262 3735
3676 8567
15185 324
6501 302
3819 5196
5612 1913
1463 2261
9218 166
208 26045
1342 3634
506 4153
842 5419
3596 103
3308 569
2262 4234
967 417
10178 6696
2257 14008
2814 3354
11089 1115
10725 212
261 7077
1280 1200
16208 117
349 14437
10632 6121
2270 416
3785 5
1651 5204
3173 126
5458 3381
19066 3090
20885 10763
1362 122
4163 814
16305 10559
3977 6534
8381 6069
2859 1902
10206 3634
2474 16228
4839 3351
271 3635
2841 42
10003 5676
13426 21255
530 7779
13160 4840
2543 1208
561 4528
1706 23438
184 15129
567 5775
7617 6958
3634 20854
13664 1939
8088 12211
1594 3754
7430 1388
2057 1806
113 16146
9065 11153
13436 2005
25605 26519
11382 2839
15389 1098
122 7888
324 5729
212 12775
6941 3255
6113 2450
2357 948
9511 1266
12358 6614
17656 122
13019 13141
155 3601
9172 12874
3136 14269
4964 10178
1266 10233
2171 3690
7662 3833
1457 2292
22442 5579
319 2863
1124 2744
3804 7051
22392 11613
7176 4833
2454 21262
5870 8969
721 1431
22613 12739
430 2676
6948 738
10355 1833
5369 10693
20876 1445
936 17791
12419 3647
9167 476
3706 4557
103 14984
3706 3049
2002 949
225 122
10183 7345
3331 10567
6358 1074
1806 1605
7957 6283
20343 19674
928 6826
1872 3831
1461 2474
7777 12279
7213 321
6178 4871
8664 7246
1777 2810
396 1361
2163 2348
5458 876
1044 773
9490 2815
19819 13350
2372 8764
5609 23
430 350
10443 4072
5434 2489
324 4872
2056 16148
9685 7028
3347 1942
105 15240
11986 17788
1893 3468
5153 1771
21873 16275
14971 7798
6482 324
14273 9747
10300 69
1651 6875
14085 3909
2520 1200
6732 23147
6640 14555
7887 10030
1196 1171
2048 2343
13462 261
14583 9555
11014 122
17213 581
278 23
18914 7662
4838 5608
13418 6183
2737 21
166 9705
2817 3892
5904 383
1264 63
1105 1027
3041 10873
4564 743
4 2905
3409 9463
13756 321
1202 21664
7363 7211
6867 348
4666 63
12021 3231
8598 62
11404 295
6225 6034
1532 11615
4762 4669
2922 4600
1682 1005
10512 69
22440 1117
6945 9194
12896 2089
11898 1128
14798 2211
11781 1074
186 6948
16162 21483
4773 8526
10780 11484
17250 5227
14011 748
14487 10838
12335 7796
872 969
6516 3913
3504 5224
2820 7047
2899 35
1502 8089
6236 436
7498 869
61 9792
1642 10185
4059 3379
7495 190
1751 581
3813 2910
2059 8959
163 3024
1318 12659
7759 7625
6226 1669
4237 302
12798 2555
122 19722
2257 17043
6816 10055
4099 2776
795 1706
11577 11700
858 1536
21735 14113
743 8543
3374 1835
122 6243
956 1937
7005 13688
4914 6904
190 20669
5013 8445
1565 232
349 3813
527 8288
9640 7220
1230 436
8369 5358
9191 1738
6678 154
14384 103
6009 3374
7243 295
10003 151
154 3147
842 4419
321 11508
1236 2346
16614 9146
12642 4334
1255 676
5579 21314
11013 3577
3490 106
10998 321
9437 16938
4024 1548
310 12839
941 1117
66 1673
4108 8760
5365 2796
1599 11317
1529 17804
106 11819
9071 3218
3640 16295
724 1801
4783 8646
5826 8890
10726 11693
1508 5562
11781 7198
7514 1743
12409 12915
3678 436
11169 2368
8940 14278
2217 2134
3799 16929
22319 2823
5601 1102
261 105
3833 921
6737 861
9807 1767
122 19312
5941 14169
5891 1049
11191 3769
6486 861
2021 15731
15372 4619
3372 733
1779 4466
2671 12
3615 3224
344 14938
396 14689
1192 4320
15594 7420
14347 5844
7033 579
12940 21140
12592 904
2703 13406
6748 9223
14106 9794
7835 2497
3529 13134
4246 10
302 8435
240 22060
2479 8342
1167 15974
7125 4476
3647 6982
721 9668
3218 8122
278 4231
12570 1568
10439 1373
2134 13829
8907 1575
13231 22005
12838 20119
567 1518
3928 17032
6304 6535
8841 2982
4322 3925
4609 11613
941 10146
9776 2859
3138 2383
5307 3052
489 9550
9424 6831
41 9978
838 8460
8837 704
8346 16734
3706 4443
8999 2240
3718 4173
18239 19813
2103 432
8424 22809
4195 2320
255 1839
821 904
9080 4190
12801 4363
15706 2147
10115 9436
8154 662
3967 2553
1979 1251
970 11434
2677 7537
622 2444
4586 5582
4260 707
214 2193
1776 5963
10632 1169
63 11575
352 7161
2663 4672
106 428
1280 10389
1876 20288
8810 8808
4046 616
1305 2600
19995 6892
4254 1631
13869 9436
9593 9373
11975 6743
3337 5317
7220 3224
14094 13648
5394 5184
7245 1910
5184 1616
5209 12848
10055 12571
1099 10048
2289 2517
22585 27111
6631 7310
4327 14165
6027 7485
6178 3305
2323 25840
692 7858
5224 12487
14986 1962
10828 9131
2303 589
1489 829
1987 9172
3613 953
3471 21056
21180 5963
10182 10507
2105 926
15113 101
889 5744
4226 16891
2176 900
16995 219
3456 6743
6948 11431
10912 21340
9722 8154
13233 2422
996 502
5242 8239
5419 3338
18460 217
5431 10516
2892 1537
15907 106
302 13657
8042 140
1776 7258
249 5840
276 8103
10115 23770
16597 6167
10206 13066
11881 566
3958 12935
1962 7058
1642 4343
5279 16221
803 2948
14453 2832
7220 1751
6067 2330
5367 8839
1546 89
1033 1613
14559 1801
7517 1171
3964 2085
122 8610
5648 5407
2777 7094
428 1882
10303 1891
122 8412
8257 14255
5792 14462
6219 1453
24288 4081
12849 10817
3054 2247
6637 567
2318 20807
5003 2939
9431 254
1998 3514
3019 5932
3710 12477
4326 140
7482 17805
8919 1505
3640 20971
1335 1619
5587 23
63 12244
3528 321
1676 968
5731 1577
13772 2988
1752 24968
6824 63
2683 2957
15771 4987
239 3746
1872 811
587 23
4258 11441
15486 121
41 12632
2433 7058
2228 7444
30 3056
436 1054
600 9790
3318 1100
9265 2321
10401 9726
8919 11329
4427 548
4895 8635
4853 11186
941 2343
2100 8425
6233 2996
4212 3625
5184 81
12680 719
12236 122
1882 941
4254 9690
15771 3048
1151 869
5808 6062
4750 246
181 1830
2922 2919
10738 69
1669 15808
12279 3596
10685 2097
473 211
2896 25406
1165 4550
44 17044
22530 6300
30 5602
13810 5191
6367 872
4634 14435
569 1565
1170 6846
153 2008
445 8567
442 21705
2949 11971
4482 5598
7408 2573
11895 9374
876 129
10638 2433
667 1330
1962 10267
4252 8298
3019 1078
3807 2134
2278 6121
3694 7641
5252 5200
2383 1806
2192 11518
1993 11930
8114 1035
6710 13810
15764 10604
15512 2504
1856 1
89 8760
1135 1315
3768 204
3185 2987
21341 5206
1959 23438
3594 593
11703 2307
3894 5787
1057 12407
869 20326
704 12832
4734 191
2870 2073
17986 122
18385 3758
5888 23
3768 1105
5513 4662
17584 9071
5641 8923
2599 3168
4045 3592
41 4316
5289 1623
299 2300
1755 8147
36 9144
4849 7087
5241 6040
25074 14904
11875 322
3235 5105
11346 3778
2141 272
647 18197
8558 2569
9668 13372
3844 935
41 3285
2475 10137
6333 4501
266 1810
2756 743
5 3789
6311 1878
2333 383
5278 16055
356 4711
128 7283
3971 1851
232 7248
795 19
10700 1813
459 17469
4528 9359
1908 2131
11238 12489
27 469
2114 7186
911 1385
11898 276
6852 6534
20097 2655
266 6025
6865 430
17257 900
16470 5132
2905 10139
8703 2975
120 954
647 6486
4108 5586
6072 4115
6981 6767
6598 21420
748 6251
2713 2320
6831 212
8708 479
9776 960
2890 6154
743 382
4475 13750
162 1967
5063 4072
611 4843
10123 2742
7698 16089
13125 16959
2943 12309
212 44
479 2693
622 3085
4780 22345
952 760
18940 175
321 16142
2069 804
5615 14837
4784 16861
8079 9475
8800 953
20669 1806
3917 8162
3824 4889
390 16369
261 1666
9881 8887
6837 16121
5191 1261
10771 780
2324 4334
2077 2643
1098 8354
25832 8893
9172 11091
122 13807
17584 14095
4276 11656
3892 7981
2353 1437
2941 603
3005 6648
5170 9595
10516 14326
2294 1954
3137 4844
354 4979
5370 30
7709 349
122 3852
12856 198
4291 6169
14929 103
6955 4666
3827 4825
22995 23664
516 611
5473 356
5137 17599
4441 2369
7596 8152
1812 2461
13936 8642
4503 1280
7276 106
2542 11177
14493 430
1497 2186
3584 6622
6566 2380
1686 22253
4846 1779
2419 1585
4880 3806
63 11731
1388 16276
4664 14240
5612 2097
3238 154
10038 2277
299 19727
103 3728
4332 109
948 17227
8416 6042
240 2999
12479 2714
501 842
413 2147
10355 3819
1723 2309
1624 614
6186 4427
5734 11555
2515 542
2210 4609
9756 14785
7049 5856
9677 1683
2360 8102
6063 3995
1097 2102
3008 866
16227 7122
8076 6637
2823 10996
14844 10751
11762 4039
26155 21948
632 1238
131 5467
4099 1097
9648 3982
26500 3803
5191 9028
17997 7265
2052 1823
3615 29
875 14639
8827 1619
1388 3052
2181 12655
1840 44
4876 1913
748 1402
5389 3255
155 1793
1192 4544
1925 1806
233 530
6948 7111
356 779
1153 338
1613 2729
1126 274
7766 5503
4333 184
600 1010
426 1167
11552 9615
1833 2823
9199 5365
2470 1806
5411 714
501 4882
11709 9668
6868 9584
5219 22594
5819 5606
810 5125
8252 8910
3691 10757
2983 1642
13930 14044
20846 166
12282 22210
2676 1534
19918 8923
14139 4150
5586 1604
437 371
15070 1527
12898 3726
615 4733
12812 1878
16502 4920
382 10720
4259 2318
12926 16286
9628 14353
3322 10102
3602 5479
2883 927
8115 842
9871 6796
6208 5227
9468 1136
707 8315
2690 13084
9499 4310
9424 8079
6667 1577
4258 9452
502 989
1150 2683
9340 13259
846 3137
1514 13302
2461 1220
9438 156
3359 4827
17675 17174
3649 3690
1567 12915
5191 1945
8029 866
9571 1954
24946 15315
7727 6997
6360 2162
5420 2119
1169 2823
3381 128
4558 13
396 9683
4332 63
535 16422
2792 3109
6803 122
647 18394
4405 2168
4737 557
2017 122
106 15757
1342 1109
62 2015
8627 2920
5368 23966
14427 3040
8517 2148
6999 9535
6234 17203
15978 16916
11098 23336
6125 13252
166 146
8335 6892
12812 3115
9940 166
1872 324
3817 1876
922 4334
9046 309
1957 22122
8847 10306
6790 14564
3371 2018
5941 61
321 2830
7010 16632
705 2462
12805 5013
900 13306
488 1804
10314 41
1724 1727
17401 5156
2163 17891
1010 12444
1514 2673
9241 12895
8981 524
1288 41
23183 10568
2123 9078
3778 1680
4460 12616
266 3931
1756 16443
2203 684
5601 1033
23 5824
12820 16656
1723 321
2059 89
581 10923
143 4266
9115 5231
5382 9695
9849 3891
5307 506
869 14906
579 66
445 14024
7192 479
15379 2742
22408 10833
11798 1283
7202 2722
2899 8147
11202 14201
9101 721
9652 7042
5279 15125
2462 390
3245 63
2008 13232
3278 277
629 647
4011 15917
6465 27
1738 2823
4046 1200
8230 7439
4220 4783
1105 16133
3363 261
1693 2122
15597 6981
592 10555
1644 14447
2655 1937
3049 7358
4631 3131
952 2617
1099 265
6019 3002
5278 1988
14941 8196
3176 10817
7132 2722
11175 452
4199 145
1929 2644
9437 4760
7512 1925
1600 13112
10332 61
6868 15442
2209 154
4932 12813
9125 2493
3007 2393
106 14766
23118 5171
7166 120
8827 10297
2515 2251
36 1078
12271 3100
7118 12348
13764 128
8558 3995
12204 1660
89 6787
5183 3604
10291 7693
27 2463
25264 22807
588 11218
3178 2306
4522 13343
9616 1529
3706 1806
36 8935
23912 3235
5612 869
1951 5013
5382 1658
7161 662
16005 3016
5747 4055
2637 686
10803 1519
863 9570
6405 2318
5295 952
13870 445
7087 3403
1123 3492
1784 182
1107 11709
6677 14636
595 13455
7405 20863
1171 16035
2805 4630
8627 806
6452 2019
9983 1939
2215 2419
12297 17884
7209 13418
5117 1820
13823 8920
25021 3928
97 7196
6169 5575
1501 240
2660 4602
6755 302
10695 631
18325 7585
2342 2265
22608 2401
7274 3615
6741 4243
2247 2999
8197 13922
7617 6544
669 21127
611 12111
10089 240
13243 2251
557 4586
2433 7979
6157 1813
157 5881
13029 5152
657 13415
7971 1160
25515 392
7213 293
2791 3137
1815 7722
5203 2178
6164 1835
5117 5963
13020 11357
4945 5944
6544 1428
5062 2265
18227 15475
2300 4483
702 718
9977 12576
3585 2722
122 4832
10655 9463
10036 10047
13789 2176
3987 2697
2823 22300
6875 4220
7317 4313
388 8149
11796 6311
14790 10262
12163 7225
5813 2091
14084 5052
7287 14665
10040 1706
569 1909
321 2051
7135 10458
1089 4522
10735 3634
2845 329
19832 3478
11666 12145
14448 614
33 8242
2085 7184
14072 1768
3217 869
696 4940
5963 3845
1964 5905
2324 2462
8324 9056
4702 5030
6351 122
605 8433
17036 2217
17357 647
2045 2717
2257 12111
9677 8678
1796 8288
686 4800
8187 7263
3502 14137
8216 4099
1918 9226
2178 598
5158 15394
6163 17745
192 7877
2542 7287
6358 14171
5390 106
42 4875
6896 710
556 10488
2152 60
191 12418
5286 6223
10845 9506
8126 5999
7055 10572
3401 6700
1922 14507
9262 1010
782 4474
2889 3884
7919 1701
1408 7597
6832 4896
4183 19912
1178 1566
904 6988
23010 10350
8755 3047
10244 5204
6100 463
1308 1697
1806 11049
3391 4087
1117 14522
20776 8342
965 13081
3584 5192
4664 2362
7262 16550
11962 11485
14397 8856
5070 1175
8202 141
17215 232
4366 119
3016 1569
595 35
1964 3282
1891 1524
4464 8827
248 1771
15352 4243
127 7845
952 4362
10132 6921
6718 4888
11774 293
17015 3882
569 6193
181 3388
445 211
1674 2433
296 3947
10038 6604
5756 3032
2109 555
11854 14691
2246 12751
3138 106
2007 1242
5117 1019
2430 1706
6811 2479
9055 69
9285 1645
7151 3518
5911 23667
30 7671
5597 14951
9319 934
7871 7807
934 914
13949 20899
10375 367
2303 2927
15722 1529
2637 4034
806 1015
324 1613
6154 4087
9787 232
2197 182
356 360
611 14379
1072 19908
445 1933
3532 113
3005 18105
297 6425
15107 1160
13102 804
5876 10869
6170 4135
2475 15099
10569 7157
8646 1097
1847 9367
2813 488
5358 581
1028 5887
1283 11431
5180 17298
6273 2674
11518 3042
3901 6109
708 13243
11204 7748
3799 4853
12228 4001
8301 15519
396 4522
3366 1621
589 10374
1846 2358
2704 6627
5116 4220
4504 452
8868 9377
9368 6981
12926 6955
5383 1821
5208 13374
890 62
12355 1083
1328 2376
4034 5240
2599 8368
8735 11497
2843 4
2151 4630
6716 11151
26595 5439
5423 7246
2669 1074
313 2344
1105 20117
20177 140
4763 1603
2141 2895
1176 2580
3636 9830
1178 560
69 6508
11003 1315
5426 5535
4171 9399
6786 10555
14197 548
1046 12796
1 1917
41 10706
581 10887
83 9425
11541 396
156 1195
131 3848
3647 13112
5264 5931
4334 1511
602 3598
1813 13930
128 2802
2766 1966
4603 1706
2559 1833
259 2390
9160 36
2508 3395
41 2462
2806 7857
10719 122
8094 2827
1925 11613
933 181
9269 900
14454 2391
7122 2796
8263 9223
182 2776
8285 1933
9661 63
10873 9433
22579 22586
4960 869
7886 127
7089 9121
15686 11317
2950 588
7020 952
2832 10148
436 1847
8255 166
14669 5892
16008 10116
3387 11091
4343 10032
844 2707
3675 2809
393 876
212 6920
160 8839
13927 8833
5259 5066
10720 21686
3514 4189
5264 3540
2880 19409
10232 168
5886 5888
11685 9377
1848 972
10250 4299
5104 8777
6352 148
2424 13105
3137 10081
9741 1160
6135 2547
107 3394
2452 228
3621 7388
1598 9284
3192 964
5195 4251
5749 2982
122 16376
2690 324
576 1645
7346 156
852 8784
11499 9206
190 11876
6811 9704
3940 589
6790 436
204 1767
477 3838
3125 1402
8927 1706
1560 6742
988 23376
2637 2605
872 4878
1680 10370
16204 501
4995 5394
9598 8162
9575 13907
1105 7146
21269 2539
795 567
8698 20905
6338 10425
1957 1192
8201 208
21078 2430
19525 122
22173 21311
15290 217
248 2216
9456 14447
1849 8301
686 17586
3617 18228
120 1561
10944 489
3087 9721
3406 1219
276 481
1963 103
4365 4052
684 2875
9078 14331
2404 1106
12094 63
3531 1942
11994 11237
10426 3218
10068 3995
10052 9136
5565 4430
5963 22345
2713 13466
16745 11180
5219 5266
122 12899
4099 10894
11478 657
6649 12873
9498 15907
25 6239
295 2367
2909 276
352 140
1525 662
382 869
3344 212
16889 12352
2742 9511
3002 980
26853 15425
1841 11947
1776 692
7615 240
8926 1825
22214 5346
8994 11538
9198 14350
6868 3807
757 2109
6169 13144
291 10240
9826 2377
858 9269
4452 8232
2355 4364
4892 5345
1646 43
1763 7065
12415 2059
1649 21171
9400 10008
6883 7276
10511 23881
2988 6167
7325 1762
25 1402
1619 858
16588 140
10242 9143
3677 2742
8246 910
707 1644
2169 2210
15122 16727
2736 1530
7151 122
3160 9346
11518 20097
356 10297
1382 1502
14427 1642
10608 9820
12287 11791
250 9746
9815 13400
8359 17693
7600 7698
15877 15524
3588 838
4259 9230
147 6543
7889 4048
2717 1845
20776 13893
8065 567
1993 5385
13511 10742
3775 1786
8840 2217
157 2450
2308 2168
1693 1939
976 2113
2447 11042
916 389
1745 2699
299 660
20067 20291
16054 4435
698 465
13200 8723
483 10367
2930 2122
249 688
7196 2419
14310 6990
4096 17587
3283 396
4109 2364
4503 296
9137 2809
2122 2543
1725 1829
3615 1006
23031 20416
20893 13315
1983 3555
5394 829
4597 15843
1991 10828
13223 965
15447 21113
166 14466
2448 21262
3912 7508
8424 35
2823 4314
4648 2259
2441 2148
14995 998
126 15040
333 1661
11125 14426
9418 7564
6905 6921
1896 17149
4975 6593
1815 14672
8899 1388
8110 1716
122 18314
186 1997
11492 15246
619 166
695 135
6178 15250
1800 3706
6659 14249
1441 14707
7801 8421
1758 14713
14980 3090
10102 291
182 13952
63 6719
1961 19886
14721 129
2975 11838
805 5754
2559 831
122 9562
341 13
1044 6552
3877 1993
1118 3709
151 2539
10382 1642
6755 2328
2297 1645
614 2259
3548 3618
16694 22787
4477 10763
11808 7690
5345 6816
10055 2372
2121 21903
14845 324
4832 1571
14114 3330
3391 2679
8453 3973
1772 754
16714 4314
695 12530
15909 5607
16445 3556
14869 4628
7787 1912
1633 1806
430 986
13024 69
1280 12580
1075 14624
21356 9982
2128 622
6938 13380
2898 3265
15785 5951
6765 14493
2401 17529
21180 5790
5023 2465
6639 2300
5382 11187
5158 11001
1059 2141
24777 10537
321 2737
2046 6742
5359 8094
20239 2477
6175 995
1645 22
3286 912
35 8293
10723 3456
21909 1160
8330 8325
2320 2536
105 3004
1046 1127
14236 11520
127 8250
10084 8839
8737 2587
2071 1718
374 396
8230 1091
2379 5941
5007 2722
14159 1801
529 581
2333 3192
14245 3282
2257 6948
3461 13471
7347 140
11834 11635
7152 2419
5054 23035
14493 6151
650 8035
13392 4465
6092 6819
9172 9362
5056 10751
12818 5044
22764 2266
22965 23005
1913 5797
15533 4645
4281 15570
694 983
4710 302
8691 13243
2292 4675
2480 8588
4367 166
2297 15484
4082 12624
19431 122
18856 14731
261 22250
4370 6155
3244 6446
6121 716
2300 2134
2379 5102
21377 9520
4036 2065
691 279
5507 5373
1796 1470
4446 869
11051 2820
4890 6039
9408 9668
10737 135
2207 14138
110 3867
336 112
21310 21276
63 1603
7034 5409
2234 579
10575 12179
2501 581
9144 20062
4412 12407
7786 122
140 20817
6917 1738
19852 2542
804 3100
20235 4339
9450 6981
5840 338
4824 1907
1128 62
4586 1008
3763 4477
3661 324
101 14139
10871 146
12744 921
5859 1175
4234 9251
2712 889
6121 7374
7421 8600
10475 17301
13380 11172
6092 10804
1196 10692
2611 2169
9219 17158
7990 1757
16047 2472
5499 5116
14395 5136
8131 6126
7460 3112
10487 10784
1942 15235
140 4997
3624 35
513 1940
4351 18174
9739 1083
4310 8551
9821 4266
5748 6083
13641 6164
10539 1053
4460 8877
1025 2366
1588 6123
2061 1580
12863 22261
436 6948
676 9752
4756 2261
2085 177
6653 949
23665 5258
4266 14470
10555 1255
9158 3182
217 10034
9462 7558
3978 21433
396 9518
10990 533
6169 7015
8799 131
25467 9185
147 2309
6566 2556
7782 212
11630 9408
3282 67
3562 70
9752 5306
9125 2569
17794 1777
9157 9418
112 7222
7585 21499
17850 569
551 7809
1804 4443
1512 9844
17012 7769
5469 991
7879 1416
611 10496
1542 35
12535 1399
3205 6324
16747 8474
12473 8216
2853 4925
16134 113
3872 6208
3546 2419
4334 12872
324 6946
7304 8789
1538 1494
2810 5419
432 13961
2556 1644
9226 16717
6508 952
795 8868
6206 15563
3877 174
24272 2848
1840 15265
1806 2324
87 333
11087 1016
15180 17106
13657 21287
2141 11548
21358 166
21406 168
2299 17314
122 19415
3771 6329
147 1093
2059 4342
13657 4099
261 296
4464 1755
3019 21943
12555 8571
559 8109
10134 4266
564 356
869 9350
250 370
7708 10181
19928 25691
3819 4906
4783 1041
3989 13802
7135 5249
6798 59
15442 7391
12913 25335
5897 5790
3991 5545
12486 14938
6424 8981
4260 4975
278 4642
8182 2060
921 393
5503 6002
5330 2497
4258 8720
4715 2690
14378 1926
1716 3112
404 21937
6858 14752
4234 16411
3249 3807
22862 11247
7429 7837
5246 5261
5159 130
7346 527
4609 12896
259 13020
157 3188
619 11437
9038 21414
445 2466
6981 1081
2617 18446
1825 1966
10108 9570
1875 4004
942 27
4026 699
749 4916
6637 1003
3784 349
1529 2379
8196 2517
3792 23
14931 3387
2077 8580
5637 6118
1259 15781
7125 13971
11285 7125
1927 1623
5892 1786
1126 3391
22766 14092
5118 8800
7234 11170
12621 6811
14036 3579
6740 4675
16055 13803
7 4083
2823 928
3197 2534
718 157
18017 3678
1304 288
8326 2606
4092 9146
23277 6603
89 9583
1869 2703
11532 2075
1570 5666
2627 14353
2734 5
2842 235
429 21229
14474 10508
3235 2939
1806 2243
3734 232
4351 5294
11613 2666
7160 4611
2343 2320
3978 3900
6096 23
942 8099
6123 1642
61 3588
1015 10633
324 679
15194 684
15735 6461
396 12951
7560 1613
7025 1783
2514 6671
452 8283
321 7439
20795 3936
2392 9
129 1699
390 7532
244 87
2580 5152
13420 277
4 2788
614 3138
1801 3970
248 1839
5151 5790
10604 10593
18280 2380
7308 1893
2257 8567
9352 2188
2542 9517
185 4163
2958 1996
4863 589
6477 103
11296 3173
13176 2309
3739 8741
1171 4238
10493 783
2899 2840
3711 9406
22607 5104
7133 11887
3769 14615
14313 8525
14625 10155
2897 5066
21146 2813
7262 10355
15291 656
22173 22995
1767 4377
8448 629
349 3462
2393 5705
2840 6849
17563 10228
3992 3127
6185 5901
4273 10905
13010 166
19812 2297
128 1058
4489 9103
1379 5116
3308 20276
4334 4859
1569 10603
6889 15099
3357 472
10541 11180
8765 12519
6850 10487
11560 631
1509 7220
12347 3864
5412 3230
24940 9938
16814 1390
724 7408
9518 6941
4176 128
1315 9912
6067 276
858 2644
15042 6811
13941 5114
4304 5135
6811 9482
14784 811
5170 190
17529 14462
1422 1974
2271 15444
3507 324
14955 232
3640 5239
5419 3155
1930 8177
19850 4550
965 1437
303 208
20276 3236
3920 6538
8327 3234
1915 2199
3391 463
16218 118
8898 8419
7160 1871
5768 12915
5279 10926
21879 9156
1001 63
212 2308
3462 1096
8946 2803
7351 1047
960 2810
4342 2257
12640 10373
9269 3772
321 3797
4877 16
16518 14454
5269 10912
3402 2823
1021 152
2011 5114
112 2472
19884 2075
675 14553
4310 5195
1098 803
4513 8469
3502 4199
3372 11461
4266 6852
6178 3683
1342 1921
2996 2784
10202 14900
4096 6562
9598 4301
679 10575
9126 4628
869 6466
1742 2154
7042 4303
3371 1801
16177 1437
1095 1
1888 7042
11836 2964
14429 9304
3474 127
4046 246
5395 11752
1861 14643
1529 3776
9648 10217
485 1631
1642 4714
17439 952
3885 2059
4004 28
8100 5017
4783 6256
15408 106
8646 2142
17917 1703
3785 4769
12838 4297
393 7796
1977 11098
3636 7800
4410 23
1081 1042
14095 2951
1822 9708
2563 10062
697 433
5400 6847
10640 2776
3873 14682
5764 6114
551 10086
2334 8813
6221 147
233 66
2904 788
6633 5165
444 356
120 10123
1536 9413
1880 1192
1987 10852
9458 2053
9737 12270
1115 1745
4136 3557
9208 5297
12836 3254
647 14553
4341 374
660 1067
2082 1937
2171 444
7370 1743
1537 103
5587 6121
3865 4452
106 10050
11671 136
2073 2012
502 4528
1859 1021
5819 5660
4962 4030
459 479
22136 12910
5 1519
2166 2541
2796 5955
2065 13252
20110 3680
9193 9207
5180 4609
18197 2088
9142 16303
5030 740
13752 122
942 10314
5369 597
7233 1463
7312 9587
120 5473
3838 12832
16593 13241
10711 17981
1822 9993
902 551
2616 1641
10085 61
3406 8953
5723 22737
62 6460
2479 307
4764 445
7161 787
190 1182
15896 14037
442 1519
804 11212
17863 4770
589 12469
11028 1793
1048 379
22167 2523
6045 1642
12592 8915
3209 5224
157 5749
22705 1886
1806 15103
4287 293
506 12585
16640 24146
7029 1117
293 767
10393 430
4319 24267
9780 4426
271 14409
2240 4733
5230 3299
9319 6535
14019 1790
1787 6042
301 8982
7482 2081
7263 1625
2566 5411
21510 6167
14454 1927
524 879
4592 2905
153 19839
5739 12301
10217 61
8091 12419
2479 7262
434 11355
2823 7617
10314 9071
3518 122
6560 1436
4639 1844
1806 8110
1005 2939
17034 122
3911 10178
5252 10346
11737 4367
6452 4028
9792 5108
1616 596
4322 3182
239 9052
8813 7711
356 1007
2840 666
965 13073
12819 2452
4617 10958
5824 22607
11764 1997
1794 15771
3885 17928
349 3423
3334 11615
61 9356
2600 8304
2840 6493
3726 1926
4362 8288
2258 20048
136 3161
10389 6981
8099 8419
185 4234
3231 1507
2103 157
7789 900
5922 5082
605 2381
2058 3044
4220 8673
11639 59
2450 1616
13020 404
1121 9640
9664 8868
14401 122
914 10114
2128 103
2093 1304
1974 3699
1658 9179
6574 2650
811 13182
13130 2343
7125 435
2360 1285
6462 7996
1463 2102
6388 2317
6321 1648
13714 140
5334 688
122 15251
15107 218
4105 13252
2246 6499
1437 6780
3149 8336
10171 5241
10297 2011
3184 3468
7487 7485
14154 4234
4037 1951
4821 8178
10914 763
13566 2433
3522 15943
3574 8201
5516 13045
2316 12820
17728 232
10710 3706
23 5652
1984 695
1117 12589
2541 920
13918 6990
10268 3769
17385 5020
10421 10292
9424 8122
22605 384
2405 783
17168 122
2278 157
710 287
1570 5184
333 360
14821 140
7880 8177
15517 2023
30 6868
236 1
62 11058
4427 2206
6225 949
6121 2573
3143 15273
4448 2820
5973 13495
14437 382
647 1300
11483 5369
10163 810
7665 197
7317 10937
22000 2098
9206 2138
2349 10068
12552 12511
12671 6794
869 5112
14770 891
5498 4343
5535 906
6067 8845
4159 14094
3182 7626
6288 92
18170 9991
5269 6062
12349 63
893 312
1315 2730
6619 4213
6994 2942
364 6844
3637 1096
8066 4761
2623 321
7565 378
13009 914
306 7727
20633 2122
1922 420
143 6944
1388 19872
2430 14344
11975 63
1992 5249
5634 4417
2092 7722
10509 2433
436 1954
8319 289
15859 12244
2014 24081
15822 9209
3209 2817
10032 1054
10915 3782
12034 1177
9946 1940
30 8061
6072 239
2662 2475
5269 5643
2818 41
1991 3522
2392 42
9399 2842
2570 889
436 2102
1093 2334
35 7558
21289 5796
2171 4586
9413 6732
5322 5731
1519 10522
30 7484
7835 9110
8919 5435
4186 13831
5112 1031
3223 3178
7719 1738
7316 7695
1519 8610
519 1388
3557 6544
21385 321
4262 2295
4092 17490
15506 6633
12370 9457
12779 12858
3395 13896
122 14334
7043 17599
6904 153
4867 4279
69 12924
294 900
3690 106
1176 102
14779 567
12176 17300
15025 589
15104 4310
30 7543
35 1433
622 4841
9384 61
10210 6816
936 8678
6839 1123
8669 715
24692 13681
396 6732
8154 9668
22149 1074
13364 9815
5064 156
63 6107
6832 1813
21412 2078
354 20997
506 13938
5692 5184
2220 5817
12401 17047
10371 13834
12111 2859
3189 25738
1057 6522
3640 21813
1461 1937
2217 14800
429 6167
6929 23941
12412 1128
647 1177
140 7162
7711 949
11359 6474
5269 5879
2472 672
4313 2768
22 3829
9475 9458
2261 12661
7564 13773
647 3847
341 1674
1790 1388
12020 9368
22870 12330
3178 7028
1954 11377
9616 1806
4140 5317
2132 6594
11268 8223
7006 17436
7877 1709
3275 18188
660 1733
2059 589
2008 3254
313 3402
1722 344
6564 814
3041 1067
21236 10824
7722 2475
26953 15391
679 4765
991 14223
9688 10364
2270 15483
21353 5224
589 5426
6034 6832
7058 1998
3026 5224
2141 10231
12187 5242
8649 2350
5213 11769
1086 4878
8081 10207
25215 431
720 1683
7855 5793
1804 11704
41 16812
5772 4516
4635 1833
8890 1154
171 14113
1677 163
11357 277
9028 1876
1588 1796
14367 6118
1634 4737
733 2522
318 157
4440 2887
2398 239
17539 12871
14140 1171
16201 1852
14469 3913
9161 122
2988 9122
3787 3993
341 15610
373 12163
7273 498
8777 11847
8171 4392
12703 7211
4334 344
3819 12029
1503 1
1046 16840
14668 4962
17504 7445
7770 3254
1743 7161
1793 5693
11389 615
9131 240
11140 6831
18302 448
1622 267
889 11155
7817 208
7163 106
3259 869
7185 14342
20530 17135
1553 1542
3954 8800
6358 11649
44 1949
6522 7172
2903 7125
22804 338
13162 75
9694 8887
1454 2163
2197 8919
27 959
13977 146
11699 168
948 10988
7779 20713
656 8491
3706 4182
13030 8433
7160 12813
914 11955
278 430
7466 506
2537 684
4196 2567
6908 62
6834 5419
1112 14009
8836 6092
16029 20145
411 6997
1437 4975
2141 1029
22594 13727
9648 303
4045 14005
10584 1653
1716 7927
5601 10744
5744 324
18536 2370
16602 11283
20418 1806
8285 21330
16347 21726
836 952
1386 3718
23115 14998
8678 2627
19914 5264
2904 2731
4069 2321
2512 2
569 3678
338 3186
13178 2800
18176 2126
9122 3995
12339 10537
461 1564
11544 1315
16971 5261
13657 5565
232 6207
1824 7853
15968 21798
4850 4038
13288 14591
1209 615
630 1
11598 127
10879 63
657 2267
6765 103
42 3702
1117 4254
11891 4266
10632 1046
7927 4155
12182 5096
4229 12010
10549 10572
6816 2006
10034 4426
5387 4519
383 6829
14832 1771
7615 16587
8335 23575
8347 11240
8270 321
5970 12915
844 338
7304 7033
4846 396
11506 5853
559 8263
1067 868
8092 1944
843 2334
2823 9177
2654 869
2426 13
6570 2820
430 1717
10319 61
2520 523
20878 918
9206 12544
13542 676
21879 15627
3612 1341
100 2061
9577 120
415 14374
1711 2102
6522 16059
1067 14787
6137 7319
6736 10737
5 432
2046 9466
2893 18125
3218 2816
261 4082
5419 7028
11268 217
2209 1560
7139 1118
6695 3735
5204 15695
9533 14058
388 6813
5793 9797
23 5536
2556 966
16874 1802
7688 3891
3000 11700
2501 1785
261 2437
4973 3137
1402 7986
1806 1815
10416 1577
3537 1613
621 8320
1421 589
2922 1295
2069 242
3178 176
7558 1019
4111 20290
3338 2753
5846 1844
2840 18972
695 12525
795 2243
6890 3359
842 702
1570 2473
16088 9359
8379 2333
4410 1167
8198 7345
1876 321
4896 952
916 12606
5135 6158
2810 1992
3885 6930
122 18333
473 8202
802 1529
3199 11690
889 5431
119 9477
7160 1010
642 9060
11069 9467
7477 5118
3242 2366
900 6833
1594 2669
9626 5411
13781 383
302 4194
4410 8055
12313 869
12905 2809
1690 21829
611 19302
13495 16891
11344 7185
6100 378
375 3488
8201 1767
321 15436
6947 7131
1593 5859
7246 1915
17918 10136
4634 5266
21663 1704
9453 7648
13494 7855
5983 5638
1192 8267
63 7127
4313 1164
8932 4096
140 6584
7346 61
14038 7047
2018 9208
592 2155
1553 3540
3773 11403
1658 299
1793 18147
2027 118
2823 5307
13741 5272
11834 3647
2823 9273
12414 8510
1968 176
368 1843
7185 5520
12065 153
3707 6550
2303 2124
1074 11502
1880 1905
3040 2148
9519 9668
1422 1969
2364 2077
4204 947
591 2959
4474 5469
3824 829
6085 153
176 3786
2534 5626
12279 121
12597 6034
12152 3087
9169 5450
4609 7130
367 4832
19992 5812
12869 7180
10043 2887
12608 13427
8354 2823
10749 7185
197 13976
41 14083
2652 6123
2060 1104
9894 1519
7759 1756
190 369
7028 15672
444 6774
20617 140
163 2027
4049 11099
4045 10583
616 1913
1019 9207
657 13346
2497 13297
6191 6186
1543 810
2477 13417
694 1934
2796 9217
9472 9144
7480 16123
1986 11324
1530 14020
1422 10325
2156 24391
9110 22526
9073 7459
16839 4911
16952 1852
23667 5820
8177 2168
3433 5541
61 10625
5534 1642
7191 4291
2863 11781
18534 4727
8182 13667
2566 9462
5228 4751
10712 10002
4067 19007
6167 2831
24234 3282
1012 2140
354 10309
20401 850
396 13342
2509 773
4140 21140
5824 5162
8266 157
1922 3230
1731 4991
10171 396
83 14045
7642 1723
5054 20152
9668 12624
13772 18923
168 4258
7300 870
444 402
7114 1634
3316 3904
321 6804
2035 1176
10529 783
1684 9757
1883 2632
566 2652
7890 11806
3844 22113
8868 742
11949 1658
92 3466
4332 7010
20706 14028
780 657
16420 13564
309 4081
212 9783
16439 14011
1954 10547
261 8314
9602 8255
276 4981
16492 12265
1140 4508
10955 6868
7876 745
15735 4365
515 539
15025 3877
745 9065
2567 15865
1091 15200
16411 2505
6461 15262
2651 6157
10633 22942
4975 16
1195 2745
3223 2859
4779 18559
7815 7304
6811 1717
10726 436
869 14769
12440 103
5714 7296
166 10212
2683 286
7480 13371
20971 5578
2919 63
75 1642
828 4962
5367 9640
14830 127
9122 436
7363 3201
692 15441
356 2132
4254 15100
6487 2840
4960 16
6614 6304
20111 597
1315 8741
13626 7851
2973 15605
17317 6637
12146 4318
569 9157
1899 5030
3817 1853
995 7185
4351 7575
15182 13889
12848 2475
3157 2379
4313 5601
13840 12619
8603 41
404 21403
7228 2722
810 12559
64 68
11485 2465
1176 6541
4073 965
12030 2853
4681 7880
1777 220
11317 7715
3840 429
3840 12845
1456 30
3793 2306
7318 20853
7627 8671
2018 5602
976 246
1928 35
9820 6785
153 1689
5724 3244
3218 4564
24352 5277
4404 3727
5871 197
267 5278
4313 167
388 10502
974 9064
9793 15112
276 663
3244 6858
1225 4353
301 9722
390 8700
15120 13372
746 35
1024 7217
13602 4701
12150 12187
7304 5932
475 10833
8000 2419
21492 6805
1130 15595
8771 4208
10351 22290
2472 11180
1530 3508
7786 13176
1542 232
589 5429
1091 3690
6256 428
14011 354
3991 5122
1140 3790
1963 6585
89 9475
4094 15949
14998 5822
2731 494
187 8354
208 6741
11375 18806
2023 268
61 10754
1738 2172
10715 6783
9452 6942
1578 2084
7300 2375
10754 9317
7408 9052
5146 5612
402 6100
1256 20044
24422 4968
1987 2473
2523 7722
352 6372
5819 1005
106 4158
42 8196
13178 110
18656 24806
1553 176
20150 13472
2190 388
370 9447
6631 934
9746 7418
5748 1490
7999 11481
250 14353
10726 4310
61 1648
10239 63
4287 9688
4603 8094
1019 10486
9110 5118
435 3054
8018 2542
7790 20446
5675 2005
700 8681
12368 63
5844 14998
1768 6335
127 814
10569 2305
2650 3790
5103 1593
22326 2823
68 5107
351 208
455 17734
2370 4083
5956 2606
5706 23
61 10629
14694 5764
285 1940
1954 14382
17816 4669
5648 5652
17671 122
1669 423
7817 916
14696 156
16339 3706
4427 9779
506 14923
44 5234
10367 1560
356 13361
5376 1962
5138 6614
3634 15172
6089 10177
1314 889
804 11764
3011 17752
1538 964
2899 293
6283 18599
5266 2475
42 3813
3337 24337
122 17329
4254 829
14213 1514
663 1736
1300 9335
12238 19788
10043 6731
6632 2850
4452 3047
122 8736
13120 176
9226 5060
11140 14202
7585 8893
16682 2114
3257 504
666 95
10137 3813
4586 3218
7371 127
1390 7398
2919 129
5825 2401
12436 660
9776 296
1230 6193
3813 10320
10604 5066
2472 5524
2566 2287
11839 3305
3971 1510
1522 1151
13019 198
21344 23027
2823 2553
9071 11111
1706 302
17678 2796
2748 7560
4964 11731
11237 3838
2673 7213
1117 11949
15592 20564
965 1053
10106 5744
702 2006
13691 2425
41 3306
2648 2748
2659 75
1896 191
5013 615
22365 5902
614 1531
11735 9695
1015 5927
10674 41
6121 4975
3591 7447
347 13474
4405 396
1835 6304
2126 4592
22663 8510
8362 3924
1122 25063
11419 232
7756 827
9458 1683
8105 737
7469 10136
5969 5832
2259 3294
4319 4564
12496 423
15778 13206
4076 290
12435 6499
18141 6708
396 12342
3846 15698
10200 8404
8943 8536
17260 122
15975 4099
7827 7900
14681 2396
2336 42
1618 1512
16290 494
1598 35
10396 41
20801 6153
428 297
1573 2141
3399 1995
66 324
13618 5746
695 12623
9198 2479
2090 20863
3182 8686
1790 61
1610 14724
12802 4852
10639 166
8960 2247
8305 1067
4323 5394
140 17635
4628 297
372 3338
2136 869
5235 8102
12617 4332
2404 123
2017 8054
12183 14779
11296 4430
15040 1534
1647 1408
6254 5687
13431 2479
780 1
1107 826
5380 25391
1204 8401
3548 22302
1806 7608
14643 21178
5719 12352
212 1093
2240 14094
1560 1625
118 8659
10122 3970
4253 5091
2152 2334
4811 16515
3894 2242
3040 1964
1739 2462
1992 276
1481 489
4243 3178
14766 8930
15907 9452
1585 12330
8211 4637
10357 16297
153 154
820 21828
63 8242
1969 869
135 3699
12915 154
1883 4564
15822 5740
2247 120
7562 6642
4538 182
1414 5120
11399 5232
2645 1103
6088 3613
5496 157
8202 8252
5414 17884
21157 2255
12843 1922
13317 295
171 5498
13186 6179
25179 1767
15125 19948
11848 1642
9119 321
5920 1489
6147 34
10072 18235
11471 10930
965 4706
1238 9265
876 148
86 9904
593 16188
240 4853
1573 3532
7769 3048
976 10052
2199 948
108 1195
10115 22817
9284 3518
4631 7942
5204 9489
3007 35
130 4317
1757 1984
2823 5925
3289 2138
168 2826
4196 240
6273 2344
7467 9668
3461 1964
13307 14826
19815 2773
4497 1261
7025 3636
21205 3538
21303 11530
11158 10572
11399 7532
9235 4310
17125 7466
106 154
13976 9273
9875 1290
2044 3920
3002 14691
41 991
14906 15112
16890 21282
1082 753
921 6288
23071 6929
3454 869
7732 8166
63 1514
14992 1192
4474 103
109 2099
119 2600
920 4681
3391 3362
7394 9229
13203 6499
1738 9353
5919 4032
444 17265
2296 7191
6879 4340
9746 14300
2713 293
1 1456
3601 1304
6913 1591
622 11148
7186 6882
1127 2733
6113 11613
2289 4260
8255 106
12970 2001
5276 835
5181 16375
11432 13259
9107 869
11781 4351
18812 4166
443 889
1673 6805
4502 2738
3305 4253
3189 7862
7545 7123
1437 3872
1107 14522
17617 4026
445 16605
293 8134
3879 63
4259 4405
1651 3636
8288 1818
2060 1745
5756 5331
3562 1029
6461 1746
1496 1606
5790 14906
4276 10217
853 5003
10534 8573
17490 804
12645 4930
5882 4176
350 170
2060 4002
2818 4317
2206 12103
1537 7661
1296 5934
1820 3532
13298 436
6981 3807
2606 2300
1044 444
122 17499
4484 449
2346 2921
567 6245
3532 4301
6785 135
5484 614
157 16382
3557 19301
3509 217
2100 22525
9476 18131
5026 3095
6692 7495
338 1507
14213 3819
5339 1013
1837 18389
9497 9260
13392 1238
4332 360
585 2389
6421 3731
1743 8324
1079 1508
1918 2257
4681 9064
12839 7968
2736 7976
338 869
10191 106
2459 10736
8241 172
27570 5328
3890 19929
2582 1663
2041 4872
5274 5702
14866 103
2242 3800
8425 396
11736 22744
180 6537
2975 5682
6413 2951
17358 6358
7174 936
120 9875
9110 15150
370 1122
429 8624
7953 9980
2170 17
16021 980
1195 12389
9335 2351
14380 8847
20886 9676
1833 15750
12048 63
6088 2235
26118 16830
6352 27
12941 5117
607 230
11885 9323
13955 2228
4086 1489
869 4320
1830 3931
3979 11606
17632 901
6092 6127
3901 14279
436 8578
5158 5426
1927 21314
3779 6381
2644 5358
4362 1720
62 8539
1642 2719
842 1577
7408 562
2475 4662
12084 16234
21898 1676
1639 1003
449 8051
9524 12176
20062 569
197 5575
5066 2789
2539 11
1733 1788
4617 9792
1724 2320
2650 5
16914 10247
212 1127
24448 10793
2513 5090
12855 4528
1445 2543
1150 17329
4812 15981
240 3598
13429 14079
2362 2217
692 3072
7325 17958
17025 2367
4096 5496
15188 5127
12342 1695
14258 1974
19732 14537
14935 1727
6538 8932
7179 7356
4303 240
122 5712
2475 4714
7830 2022
5413 11925
1872 940
8123 3897
5208 21329
7300 7438
5156 679
4267 9440
8829 2600
402 7619
9943 1972
1422 4259
743 9437
4334 2906
41 2004
349 7358
1706 7263
4639 8847
7631 321
567 11682
4843 362
5557 4766
2012 9643
4368 1704
10920 2496
12896 8637
2061 2912
249 14247
63 5271
1211 14719
3054 1648
4046 325
2072 3528
4213 2957
12079 16555
1093 2648
1738 4181
501 7893
21177 4798
3504 16501
1974 806
9622 952
2344 10955
1588 3034
6996 9895
1160 24555
1618 14581
7168 3334
61 4427
8551 20236
2823 5963
589 11932
8517 2961
6301 6203
6668 156
9323 15257
7214 479
3966 5367
2823 244
2535 1023
2520 1585
3178 4323
344 8458
14195 4291
7627 9971
2300 5265
2984 1139
2181 1546
6008 3039
802 14846
49 4362
5556 2035
15767 3235
8527 4279
1961 1496
5176 5289
5315 1001
869 4092
4035 6947
122 1814
9122 806
10 356
3180 7234
2822 6462
12856 8110
5798 16887
4973 6819
941 2162
697 2405
4830 6961
991 1015
10115 12865
1563 14459
25217 13386
5320 3690
15848 1787
17252 122
13416 2795
2316 8416
8691 122
1105 624
3469 995
321 8021
4615 6767
7560 2660
1560 3399
1266 7135
5224 10008
5955 8152
8107 1122
9794 16204
122 12110
828 3762
14824 8906
11518 666
6818 2121
745 9567
1262 2599
8805 2471
430 1434
23881 2532
1861 375
4550 13738
10166 16890
4905 7649
3730 1695
5032 5115
4795 8315
576 293
4243 14021
11776 1083
18039 10122
10296 20103
9476 13976
6955 2877
915 14064
8295 1861
8100 16346
6178 889
2056 755
44 6939
106 3796
4463 2340
341 3244
3590 220
5134 4310
8016 106
6003 804
240 3042
1538 10523
30 3580
212 6837
6780 791
5881 8304
87 7263
1077 3985
4840 297
16443 2823
3566 1049
17203 6611
14787 2150
3111 4036
13342 16744
1124 1812
1783 2105
452 14414
951 4085
9273 12896
39 9346
11609 12840
4253 21398
5211 1767
4314 13889
1530 1105
692 953
1934 933
9881 615
7028 5118
2040 22713
10851 387
5095 9113
1021 1755
1877 6010
18121 12802
589 9610
15124 2018
166 5117
16441 127
8474 7010
783 2523
4324 157
7394 4291
9588 6909
16830 1610
2035 18824
63 5678
12933 4445
400 1804
5808 22606
205 1078
615 7498
2141 2005
9960 7979
17323 6163
140 3697
3790 8056
1945 804
24345 4004
6849 2159
3330 15859
487 5
4192 1796
6212 4769
2730 628
952 1100
122 8711
10179 498
122 11915
168 6461
1246 15257
936 10604
6156 7056
869 6011
1875 17671
1644 6094
444 390
17032 1530
6163 4466
12619 3796
12618 166
14614 6796
1542 9956
920 632
14591 2825
1449 2840
142 13956
1801 1907
10182 7774
21524 2575
2587 878
8458 9146
934 10344
174 1814
3323 6852
5808 4254
4387 2336
2405 10986
382 21889
2318 17567
6890 19796
13216 13668
2355 129
5227 6600
1171 10297
13550 3522
2457 15996
122 7179
965 4332
3654 1806
1973 10829
7681 2572
5505 1738
4787 20855
2114 187
1257 4792
6868 5224
854 3844
20110 13995
3706 7375
3254 11828
41 2372
3039 1599
5096 13650
4695 1706
14158 6358
2798 17002
7394 3087
1707 10073
4067 20058
884 11737
20236 8448
7776 6872
1197 321
21362 9694
1572 1118
14077 11534
9763 1067
4237 1103
1714 15859
3282 4192
16508 122
7837 3647
6208 1005
261 11085
140 2488
6009 2304
19826 16585
4291 7819
4460 1737
3887 4052
1665 119
473 15500
8063 9790
5883 17055
17928 1801
436 1783
1961 5644
569 11872
1841 12813
152 321
604 4063
501 9732
261 1230
1647 21007
3872 12896
4352 1620
9064 73
7222 1733
2846 9054
7627 6338
4910 122
6659 1046
416 5013
7912 35
10084 14523
1002 1570
5277 2014
3706 10937
2629 3640
309 3773
1238 12404
4314 14523
63 9276
122 17388
9065 14536
3218 2537
1105 1912
61 7155
2075 1107
153 5417
2706 63
609 1827
3640 3189
7783 1366
6930 10652
16057 9439
14011 572
221 5198
3471 928
4801 8764
4612 360
4276 9814
11933 21205
62 1812
415 3399
10571 6718
8472 13204
12288 16330
1656 128
3709 2850
4460 16744
1390 9959
1871 8933
2099 6338
9428 22192
2128 6358
16035 9849
3944 8009
1344 4689
3930 2210
63 5721
2120 1240
4213 148
2199 14101
63 1757
148 1508
10390 21811
3219 1415
9747 12238
11803 3218
12809 3507
9254 10064
110 8259
442 1451
2384 1747
11289 6784
2513 12805
21702 20305
26271 1036
2479 14300
2320 191
10162 10930
4189 8708
15123 11955
5090 5304
6905 2171
4679 28
2768 5393
5815 2741
3794 7276
2151 4989
8096 20859
4957 246
2297 4491
5211 15246
1080 3963
106 10805
9559 1583
2580 12166
16437 11936
2320 15309
5156 4619
15363 4002
919 3553
10761 16887
11295 6981
5149 1083
6279 12671
22658 1043
1962 9137
2102 6408
1105 1915
1790 14024
2405 35
1280 299
1280 6892
1005 10756
9118 9749
1089 13166
4543 13258
9619 2102
19826 1966
1674 12903
22140 11269
5242 4697
795 158
122 3952
647 748
7135 1937
11309 2144
23665 5206
3052 3085
1154 12938
789 488
6868 2024
3625 246
888 20525
8649 7779
1388 6543
2840 6056
6789 928
1987 12163
14316 18701
16499 14586
13694 6522
273 4346
16021 2121
7122 2948
5451 19024
111 8718
321 370
2252 3221
797 10233
133 121
1126 8177
6075 916
4071 8301
17625 17059
1560 11781
20633 9861
1105 1493
4465 3394
3625 4407
5567 4229
2380 19833
2774 14643
41 696
1074 9060
2784 869
16418 2958
106 4905
4832 1879
2948 15221
1585 17
4234 21483
3361 3615
4041 26443
9091 14572
15570 5186
2715 1642
5367 3654
1378 11252
662 11986
6202 475
13819 5869
375 891
8868 21703
6030 13094
10700 63
1019 3598
1767 2471
4727 4254
8347 8938
2300 5361
1858 1115
5156 157
9475 2905
5790 5041
2202 6981
7537 11982
2367 10247
6904 743
2599 3713
4323 10942
1572 2592
1218 679
7757 3507
1315 10056
212 3971
13915 1254
1280 2085
2987 105
1665 9091
12060 12176
11126 1684
14313 10613
915 2203
3864 382
6210 589
2188 2300
616 3634
3137 5348
4327 246
1222 2141
7556 190
3706 5235
4769 10923
9362 10291
12309 13317
173 5184
12623 5836
5869 122
10306 258
1605 1837
3584 1882
6813 6816
326 396
3137 14047
12694 660
1095 5668
1315 681
17445 2257
18400 3322
1167 4836
10754 1255
399 21944
16673 2333
121 5157
356 2059
1645 3883
2666 951
148 8887
9457 567
865 3571
62 2465
3626 35
21398 2823
4702 8906
122 16432
7022 9139
13258 153
6417 12428
6904 679
10487 5306
17213 1964
11933 7600
7916 615
18593 6665
2722 4550
15308 7631
9 964
122 6224
654 916
15947 237
6183 4257
3069 4337
1194 24186
10033 6692
692 9332
12145 1075
12762 3637
3037 3349
527 13603
940 3205
7125 10385
17438 6603
2355 9726
14854 79
314 4201
4089 4618
5030 10687
968 16585
3152 246
18105 7050
2823 10999
785 18321
390 6847
13193 5054
120 3588
4233 1806
3925 12258
8217 10275
1674 4911
1074 7118
131 1408
3334 764
7508 4004
28 1519
964 696
316 23985
3178 7363
10400 321
217 6042
21311 5200
2221 6336
15762 106
614 3126
12205 111
4896 3189
4038 1095
9907 12585
15413 11517
1902 372
764 8123
2673 740
2644 15736
1998 8065
6671 4208
8651 10275
293 6808
7006 2823
581 7670
9335 13612
42 6780
92 1974
6906 6865
9595 5301
8099 2018
4619 13229
11565 13355
4720 301
20325 9097
6696 14465
3647 1805
2823 2506
11101 9091
20487 1501
14738 12496
4257 13420
5999 9904
801 920
14216 4906
6785 1623
396 1021
1801 14765
2320 22229
3588 9452
4939 5601
302 13648
970 5392
5749 208
4426 9831
8369 5235
12001 2699
3760 6665
423 2047
2368 8678
15015 2823
11729 1929
24909 1392
14633 3983
1451 12661
1999 1155
5966 141
753 9449
13395 1918
2615 24840
9226 22604
2261 1315
26875 17125
10932 7042
1464 166
3310 5879
13691 122
7469 11173
6898 356
940 23803
4254 24477
4395 10314
12592 1751
3198 19963
11932 5053
1984 1
2368 1115
183 10464
23 3140
396 7752
13188 118
198 14343
4799 7149
163 1974
3926 6183
217 245
11589 10673
5132 5779
14667 473
2332 163
1083 22611
11505 1806
1967 1134
1845 66
4561 10524
1071 869
1767 4084
22975 1019
1791 1690
11441 1120
5282 3399
8118 30
2413 166
1180 16183
7204 5420
10297 14114
3584 204
4788 3936
4764 983
388 10119
5809 21888
12265 15943
190 2062
4734 20279
1780 606
1821 14200
8472 3609
12 2125
13017 1171
3307 7566
7211 2341
1024 383
5114 2823
63 2830
4943 8203
1564 1083
2995 23690
1850 122
952 3985
3464 2461
9807 9118
12204 14459
4303 1212
9226 23038
8158 965
3618 12528
3769 2122
324 3940
910 1899
5108 4082
17594 7304
16666 17585
4532 8970
7730 2840
24282 18494
1870 2561
3640 7333
7564 8898
2348 168
2398 614
1083 23103
2262 12358
1763 3529
1737 6637
1126 12465
2085 13184
15185 105
869 8940
18189 122
4523 62
4470 6148
5391 1554
8112 1733
9104 16887
20665 3325
122 10818
5820 4226
6692 9650
17526 6499
12674 5269
3877 9894
333 9373
9294 6419
12646 5915
10250 8255
21910 6203
9597 5709
13417 1002
2165 1796
1564 1563
6151 14259
4099 5166
9462 9453
7118 12927
356 13669
3137 4209
85 2235
15201 1668
1315 3176
4477 2300
6742 2473
5030 2475
2475 2114
7142 1818
1860 63
11986 3264
14515 11110
2257 10757
6543 6019
8212 2433
2035 3763
2660 4824
1803 1889
3194 1796
157 12307
217 9676
1150 4430
78 3937
2320 4262
5286 15447
2606 103
321 13264
4301 1412
1985 249
4125 2019
200 980
712 9482
2930 8803
1140 6175
6150 181
9212 9736
11557 2556
631 1613
4334 970
10228 16173
1523 4259
478 473
16587 122
3591 5
7317 6824
6909 10068
396 9110
11941 4485
2152 1110
5712 615
4367 902
13893 2405
5096 8436
5121 106
112 16068
9541 9712
1683 8946
1909 8389
11062 5072
3637 1388
1126 16484
8805 695
2401 22345
166 9905
8562 4332
589 7044
12273 889
1266 6543
6732 1160
16522 121
6421 2424
15068 8255
1694 248
12709 14766
344 1010
136 1625
2652 4441
321 5391
567 14054
1128 11118
15230 3867
1739 1103
4136 1623
2853 7501
1658 7345
3137 10175
2996 41
1624 2046
19821 7345
15772 7394
2722 8250
19143 1706
725 1771
17059 1998
4125 1611
964 3797
216 2942
1598 9454
400 3926
17317 3746
14720 11330
1767 8983
8162 6637
1431 61
55 3484
14076 6129
349 13418
3308 3195
122 12444
4368 449
535 12569
9638 891
1000 11379
9767 7186
8112 8877
17047 6921
4824 3592
3706 8741
3612 2178
4291 1060
1933 2257
6948 6696
4964 1651
122 10612
695 10373
1077 413
267 9133
35 3461
4310 2895
1137 1860
274 615
1925 12886
426 2823
1560 478
436 17918
5289 5683
9180 240
8203 6273
615 14466
63 11832
13314 2329
8673 5674
10415 7262
14960 1806
15257 1160
567 4104
23250 12928
1422 3819
914 2061
2097 4376
167 4137
6062 2401
9926 14278
9244 17043
4508 11
2158 10361
1046 13870
15216 2376
4259 120
338 5679
1613 2461
6178 1192
26900 6504
1122 1690
4461 4173
2358 567
9957 345
6014 13894
770 3872
7184 261
79 14245
9194 3803
12170 14313
11373 874
11849 298
1021 4342
12879 15810
2896 11912
1176 21002
5963 5638
9283 6581
12408 2295
1806 12473
5744 3647
276 3230
2161 20385
2996 2148
6114 22188
4086 916
5279 445
4662 1756
221 864
10291 6372
5507 1080
4934 2419
166 6396
63 4659
6163 804
4423 14296
4477 9995
426 5230
4335 1437
8202 390
10147 9101
5086 9267
19950 23665
6545 693
17291 2950
741 1972
5423 297
11295 2684
8949 176
2306 5072
2741 1686
15686 9205
2021 1669
3615 1190
263 2797
6202 4762
7141 6838
8741 1688
10217 13341
7522 223
6441 2408
26129 808
7135 2742
5886 1583
6798 5938
7260 114
2274 14690
444 41
1959 7710
2820 3624
7648 15484
10055 1821
4233 1508
7388 9208
5310 10544
4940 935
1711 6031
15523 900
1316 122
105 6068
62 806
2121 306
5612 1632
5461 349
14922 10116
103 593
1124 1745
4129 164
7386 2742
14087 2012
1046 12008
8099 261
8036 16958
336 105
3995 12309
19826 4664
2943 6275
118 1506
2545 1809
1880 364
1925 4702
3308 949
3769 21075
13285 7824
2168 7501
18281 444
7881 7634
12254 12004
13211 15584
526 11198
3368 11061
15099 4035
1591 4395
622 10975
6906 10585
9638 9198
22262 16414
7681 1841
22610 5104
10876 9595
232 2405
1047 16131
7161 11118
2271 4987
4876 3635
4234 589
1091 14085
16759 25490
772 113
2201 1
1927 3334
40 28
9450 299
6290 6481
18397 16408
122 18031
2398 3917
8339 12690
10201 1962
13418 142
3190 8210
121 3314
15212 108
10478 5203
12933 1067
2430 3161
6370 2180
1787 1382
15438 1536
4314 783
2123 16711
2286 869
1906 453
7132 5520
9765 9648
5709 1296
12680 10518
17401 292
6290 5417
1195 2105
8768 9189
9890 2169
4852 299
1176 9921
14436 2257
9236 7832
952 10361
327 3007
14435 10742
63 2731
1801 9129
4159 1718
1200 11429
1126 1840
10445 2060
4688 404
858 802
11150 588
632 184
6025 16307
584 13143
9472 1519
11280 7641
1311 6236
21112 9588
4615 569
5115 13741
436 9676
1996 11029
18144 18145
4809 11464
4503 6849
12534 3624
360 15999
5249 5365
4303 1256
3215 1642
25992 4861
22834 16580
415 1883
30 1817
4460 777
66 2805
533 17069
10092 567
10356 11956
9732 6902
2261 11531
15864 4737
947 1194
2077 1146
14742 4619
9888 3706
11912 4267
423 883
539 4953
9602 6067
7384 2404
789 498
3109 3046
10807 10493
7597 1791
3717 1745
324 344
240 1539
17680 122
1768 4071
1053 13972
18057 261
23485 9744
6796 396
6741 5117
7422 5602
5520 16435
292 5156
436 7118
3877 163
13280 8347
13942 13250
1973 10245
5411 5408
14917 146
321 6353
7932 122
7146 6810
799 5905
12765 2300
3367 4867
1154 9903
8026 1360
117 4367
15108 9778
6981 6944
105 4809
753 5013
4597 1658
13658 2410
2018 6078
265 4247
19889 14196
13609 7243
220 15941
6929 5853
6905 5513
13993 6981
2946 18106
842 13007
1725 12976
3522 949
1379 684
14113 1096
13917 4761
448 11664
9462 9061
4924 281
3631 14514
8315 4445
14300 4266
10500 182
2423 15647
429 14511
7467 2300
10034 5450
1776 9796
6785 302
3117 1061
1122 5739
10507 13426
120 14605
23 5579
11296 8107
2975 16909
5411 9126
10527 9065
122 638
10285 1140
5524 7475
479 4508
12014 567
753 2769
8973 14102
5541 2600
277 977
1153 4657
14932 2097
5504 436
23 5555
4953 6797
5265 7502
1942 1001
16467 1113
1660 7447
1035 2820
4617 9408
7681 2324
440 2444
6178 1223
19811 4750
931 5626
370 2164
6424 8053
1666 4105
3508 7186
2772 3896
3401 4125
10543 6814
2316 4302
8517 10355
12891 557
27 5532
12352 5289
8803 1824
3602 24625
952 10132
3260 352
1566 3282
7434 11505
2917 16078
660 872
5300 4226
3741 396
7175 2790
240 6866
2563 3503
6785 9463
5816 5969
38 122
4984 1886
1927 10729
902 6208
12744 5640
2391 22225
2722 10072
1902 8175
338 8829
16100 8712
869 3195
9316 4962
10319 9668
297 12631
740 1798
2845 1151
12819 3999
3507 3282
7985 1298
321 2823
14556 12370
5914 5963
344 16864
1033 2152
1806 11912
2859 8758
2210 12039
4962 1783
7732 2497
321 1583
1118 1013
4001 2216
952 1750
323 8252
25180 1835
10614 9407
8589 2358
4677 869
4259 1382
3105 249
6776 8093
8390 24723
383 8298
15674 79
7405 6000
1582 14774
2795 8175
1098 5234
295 7976
4125 2559
11713 2220
21815 693
12843 3338
3865 11240
5889 167
12093 1258
10184 10580
3841 324
1806 20776
13322 527
204 2367
1803 1
4878 7125
12940 3991
3990 16677
11762 4833
122 16620
4820 4939
13243 14555
647 5102
6930 745
2058 3775
12535 869
18701 1052
2148 4779
3627 8210
611 14609
7122 1176
2624 154
3851 1327
7478 5264
5941 4186
16185 55
1312 611
2343 1877
302 13699
920 21584
6163 5514
4635 3636
22232 261
2212 1959
8036 9037
4 2866
2688 2379
10671 4094
16480 151
931 2761
122 9271
1791 14125
443 6981
6826 16940
21993 2163
3462 3647
893 1606
7324 7899
10297 3699
14839 1883
5052 795
2320 21911
5400 2665
8106 808
6199 3261
14538 17611
13937 2090
9089 4099
8691 1388
3039 6894
669 3979
16341 6034
14950 12145
11377 5137
8720 1631
7065 3727
2889 2274
9136 12468
867 4146
2012 2122
9226 230
122 1047
3615 14643
15471 934
10413 1610
7490 1591
21589 8809
122 14993
10305 8482
1493 4550
4046 2430
41 288
16946 500
4405 9103
108 5061
3920 2952
16355 2410
14537 934
1739 11469
754 7370
10111 70
3562 567
4463 5021
13741 2532
4839 5999
5184 321
21433 2418
15350 22857
8657 4544
10298 631
3759 63
4220 5919
812 3219
2988 2761
103 10294
1105 6439
827 1502
3371 61
2980 1701
506 9208
1479 5
3508 6975
2167 8428
5396 6732
2076 166
3794 14824
1789 8274
7328 10970
1922 869
104 660
5591 4052
63 9632
638 7959
4821 3635
762 129
3890 18197
5334 7035
879 9404
4211 3478
4676 153
5560 2823
41 21351
157 7374
261 7963
122 16718
11471 4255
4234 3054
17850 12969
2823 22355
12915 6532
12946 7420
13079 157
1556 117
5411 5092
5919 8105
1099 16339
16395 18491
9101 8961
1032 4688
11798 8164
7783 2031
119 1555
2859 2564
10874 9198
341 22823
8755 12083
1581 9219
7615 7537
445 14319
1414 26628
914 9262
4039 3462
1871 7590
7317 16145
356 129
7355 1034
445 6782
260 42
2683 30
8021 1577
2505 8701
10401 9371
3292 5509
929 1954
5136 14437
2472 4296
4483 1776
5785 2553
135 350
3690 7968
9007 1959
12898 10335
3195 506
9977 13365
12079 9419
7545 3588
72 13308
15555 18597
2683 5400
7300 5061
6657 7029
1536 127
1403 16
1106 2355
3184 3278
14550 140
1810 921
307 7571
2489 9486
10070 22428
8938 3682
1903 6297
15118 1725
4104 6352
18288 11061
3019 2704
8556 9836
8466 15125
9571 496
103 5315
2800 3333
9648 4427
6450 17110
2722 3796
2818 4681
479 8829
10016 692
1883 9158
2374 7893
146 7158
2329 1841
4295 1198
567 1815
15317 13678
4924 3290
17888 10957
393 19926
12873 16008
657 217
9979 494
6896 9620
598 1461
333 5320
7886 11818
7896 18795
41 21775
5264 5764
3846 122
1563 24058
8902 2484
869 3935
18473 25169
4652 8162
6107 404
153 12029
13962 4303
6668 5905
291 2376
12924 10541
4243 10632
3088 3137
9612 212
7280 921
6769 2823
3462 622
6900 4150
22085 583
12285 1280
9807 23883
1806 1774
2128 350
17941 869
23 6132
6868 4293
128 2755
4197 168
6726 799
13178 423
10784 3199
122 19692
10353 243
976 12717
5117 726
19951 23360
19916 22235
3323 92
21387 5191
4441 8472
122 18817
2152 2823
1808 12932
35 7937
737 3517
3102 2623
1126 5092
1288 3984
16600 1647
8353 9911
383 22373
5195 14548
4572 2240
292 6742
8100 10869
2451 14282
147 14172
2226 4314
25642 10552
4340 14844
16879 541
30 8085
3971 2274
13215 2555
1283 7443
686 4718
3514 151
4609 9065
2061 3508
233 7495
9144 9648
6816 9229
1662 122
705 10331
526 7798
1107 9282
6594 1767
819 3514
684 9304
1518 2916
8853 35
11994 4084
2367 19626
166 21303
869 599
3484 3299
21340 12686
3934 8459
6187 4224
4244 9101
20772 2023
7838 15806
8376 1595
4405 109
6824 2896
13843 3916
900 1991
5668 7137
1019 2902
3862 621
2018 2495
1173 7196
11943 63
3387 8691
1046 5277
1771 2120
41 9611
2576 2442
18743 4298
11863 12301
2012 4018
9463 6112
1726 1992
5224 2896
11486 190
3925 380
4405 17184
9831 7019
8888 122
4020 2580
2353 12594
4702 6336
6900 252
3522 3528
589 1022
13976 21860
8227 9786
8275 16833
524 381
24545 8386
10087 11125
11026 1093
1959 2774
258 4433
16575 445
71 157
19251 316
208 12425
4973 2746
5284 4022
12262 6981
17609 922
812 2440
6723 6811
4271 63
2512 2502
1351 11098
9155 964
14897 10486
17053 3464
8606 998
5972 3612
10650 1019
3885 17527
6443 4897
12440 15764
1160 3255
4045 9972
21635 333
5685 14769
11419 4198
62 10494
10179 12779
1619 5577
1706 6027
7205 16341
17 1549
611 10234
2217 4459
9190 4879
105 15229
12809 4642
7634 7767
5438 17063
3822 13587
3716 3852
6034 15044
1856 2748
2422 13564
7979 11144
9309 22860
23052 2006
9744 21687
3100 5566
3038 6042
9595 21775
7858 2518
13176 12577
1865 4646
14950 11379
4260 22817
10262 1035
61 10236
21325 5607
2813 14293
970 806
502 338
8447 804
1107 7843
589 6504
2697 1606
2821 3401
3646 2171
9058 858
3926 2615
1614 523
848 2073
2426 1613
8076 3334
4957 2240
2428 3245
14534 16674
13068 4125
7620 8255
2719 923
2823 1637
1195 14000
7869 6639
4317 4095
3188 869
876 1124
949 4866
6010 18039
8151 9273
1787 3016
510 147
9721 9648
119 2774
2454 2361
6635 4603
1844 17132
13345 1577
9566 2097
168 4273
11499 2303
19515 21606
1992 7757
6942 3502
193 4561
433 6300
9244 1603
7138 14591
542 2018
8393 35
17396 41
30 7872
13241 598
122 1035
2017 2942
2870 4709
22365 5278
250 4727
1760 1961
2240 105
1988 20627
14441 5300
13024 103
9843 17918
2202 8383
9935 6157
2398 31
2673 23345
5208 14743
21323 445
1806 1991
1733 4254
3384 8495
5206 13495
437 7020
610 7215
15296 1806
15729 842
2350 1553
4314 7005
2329 625
19948 1083
806 795
7958 8386
15058 4847
3746 4427
9240 16299
10043 2948
6767 1021
11651 9460
8244 5320
2704 328
6148 8883
2010 19043
695 9231
3033 7233
10974 7467
382 15829
566 1738
569 8405
1015 3762
21996 17700
13178 4495
259 9207
9220 11589
3468 306
9470 6719
6632 5724
1103 2240
7397 4288
1538 250
14636 5374
23601 13320
6170 274
6092 1120
4317 5723
2823 22284
5792 10351
965 3769
152 5232
5224 2123
2758 1304
4310 510
12095 6408
13112 4912
1910 9688
11078 41
239 14447
2368 9852
1487 1083
9549 7394
12261 949
5282 26905
2991 122
1999 2128
292 8719
13790 21049
1599 2556
6851 14797
2842 307
101 4183
24621 3150
79 1486
1095 8047
408 2260
6677 10650
108 7308
1658 7722
9146 832
5413 3087
8518 1219
350 9251
1999 1833
6921 9425
5232 14464
146 2015
1186 5080
10182 12517
1117 3822
4405 6725
1497 5419
611 1591
21292 21947
1564 562
631 10067
2556 1765
21309 21140
6363 7374
423 2364
11052 13034
3461 3138
106 12087
1859 8827
11186 221
6442 1154
1750 11558
5359 11534
7389 7264
7971 9677
18486 11431
622 6523
581 5688
5444 4313
6193 9497
2560 8386
4648 122
19930 2367
7408 111
2671 6183
11742 444
3852 4586
4046 8212
3220 6181
2543 147
7316 30
2174 12331
4532 2820
3109 10139
3050 4586
19058 14189
1764 399
445 9907
3740 1588
2676 4038
865 7830
163 188
7777 9831
993 2077
2594 1235
12190 8912
5003 523
18846 16831
157 17580
6806 11437
5224 8654
21920 7107
89 3647
1746 743
8448 6603
12418 370
6163 7150
2088 7508
14906 20511
3672 2271
5137 1738
1112 2825
1553 1034
1280 13919
6740 13919
121 4897
16843 100
384 11052
2135 1
1642 8972
22139 5168
5717 5090
2162 3391
4978 10847
3273 2243
14561 2534
6741 6657
1171 10314
2164 3813
761 6072
14589 5191
1827 581
1706 1585
811 2259
14288 22398
5503 1883
10685 20776
14807 4443
527 11711
168 6582
16940 1959
684 8746
390 9529
1195 288
2138 1806
12802 9722
11995 7229
922 3690
717 2120
3189 9817
9938 14724
12344 121
1992 4041
5030 1920
3790 128
8994 1821
15465 7233
11598 780
69 2035
6944 9054
5054 2081
3302 2742
9668 534
8298 5365
10699 1937
3268 1833
9688 208
13656 14367
3835 1757
1421 14379
2339 8883
15874 23254
447 8434
4524 4046
5017 5800
9648 6786
5882 5809
11253 240
9570 888
12419 506
11270 13961
106 2125
16029 4430
2183 876
11361 4460
826 3330
14466 111
443 14239
2192 6027
2024 252
71 2175
3187 1583
6206 20303
30 8136
12753 14649
2479 4004
14426 217
22597 3991
2521 2618
17423 532
14592 1029
2217 296
1461 10692
7603 2662
14734 2059
3514 2097
13045 6087
4405 9146
181 6257
2135 19947
2467 25068
4470 11967
5192 5258
3385 1009
2475 3636
7051 4820
1402 333
122 17226
14795 103
7783 1179
1093 6173
589 8607
3838 4833
660 9676
10737 6042
3517 6202
2475 1406
41 9266
9661 3763
12319 3464
2178 8177
7809 16356
10205 6895
5617 25829
5404 14328
10073 2197
2895 8107
3872 8551
907 5446
55 166
869 6978
14944 2247
6788 11848
14067 2722
217 20886
118 16229
3699 4253
4477 753
1236 538
5365 423
11700 190
163 3387
21289 14269
23 3904
1019 7042
1837 7569
510 2717
5 965
1071 11
18288 6725
69 3690
4654 15584
10364 1676
2171 1523
2934 1767
4609 5907
1962 7006
13163 2672
2912 4750
5050 6432
2906 122
17771 122
10625 1013
1588 2575
5969 5643
12734 15778
11513 63
4445 14453
12473 11955
527 9317
9882 3776
657 1678
10148 4292
9758 21316
152 1454
12700 2257
5419 561
7135 8606
1437 4337
12440 7716
2810 11172
1517 12990
2496 21704
9644 821
2188 4306
1610 14067
6627 2163
5120 5393
5581 2515
3143 15385
11695 6747
1660 1813
14432 2502
11369 1944
7042 1642
6656 3178
13248 2809
232 9407
6795 16713
14441 21180
7280 3773
17525 3178
22157 17313
6904 11152
396 13004
140 2625
7574 1789
7375 1525
15486 4995
11125 12471
344 3538
56 17354
15566 278
7042 1096
20605 9467
2217 10942
5252 5273
1034 22829
1920 12166
2475 10653
4795 2748
2404 2250
9340 11014
2306 3218
4518 15094
959 2823
2307 3337
3276 804
1175 122
10073 2251
1327 8803
4528 725
9576 122
14269 5173
21284 13717
131 2467
5159 14858
18419 13971
14760 5203
2257 14235
236 4291
3265 9046
3450 1266
321 4828
1471 4196
4427 6948
1118 3772
9495 3359
9852 1474
9194 8803
3637 1496
4304 1159
13243 8720
10377 3945
7283 5306
103 307
1767 6588
16984 6944
1561 155
142 16381
3584 4099
3032 811
7228 469
8956 261
11731 1518
18336 122
3334 3366
1074 3557
4386 6163
25090 4392
1896 4403
10513 4310
9210 7423
6977 240
373 11456
1491 1074
105 1280
4259 399
491 465
42 1412
700 2769
4099 581
4423 5411
5503 3528
93 2348
5740 6109
13730 122
2362 2262
7345 4350
3991 15635
9753 118
156 2631
13363 3909
1437 6224
6043 393
7710 6075
8171 7827
8376 1147
2683 983
1422 208
1176 5644
3699 1177
2717 11761
12897 4765
1809 13412
11377 15993
9032 4476
63 12344
796 3334
168 12401
1978 16005
4153 1219
6846 3462
10132 14373
1243 5361
3141 2148
2147 901
4332 8547
5835 452
19479 3777
2265 428
22601 5795
10937 103
589 8800
714 9596
6811 19826
2751 2059
2270 3634
11248 6989
7237 10032
1107 6167
122 16086
4182 9
1067 1120
13195 7464
614 5204
2383 3775
3235 11041
11344 11399
181 18914
900 10507
1029 1833
1661 35
190 1557
2699 5369
10685 1833
3634 3498
481 375
15663 7795
9323 6154
10694 15978
42 8947
914 621
8140 9322
2264 869
9368 1864
3108 1151
14514 12270
5090 9680
9477 7156
8354 4608
603 1612
6525 3266
10187 11763
4243 7122
2023 8299
3624 16128
934 14496
931 4839
2061 3215
2747 62
2978 232
2983 11042
19284 122
4 2974
261 2125
4611 1781
527 10084
35 2396
1921 8578
8803 2235
3159 8851
14643 2660
4115 1198
3885 7374
6178 4332
21339 10761
12870 5249
3478 1126
6136 14844
3609 136
14028 10198
16140 6354
7153 2765
1760 3049
321 8260
16991 1723
6235 3983
1951 128
2306 2210
910 1311
2714 8605
15829 6944
6947 11265
3190 16
24119 1519
2128 1861
251 1097
4604 9091
1120 13209
3634 11700
2320 4003
3789 4340
2588 5544
814 1880
4266 3317
7571 614
5120 9881
21328 5793
13136 1510
122 16360
669 444
11455 2058
21610 8463
166 7796
2320 11450
2960 1507
1415 106
3205 8552
382 7031
2855 2810
1202 15758
16692 10671
105 1927
6066 261
382 12456
2271 3657
14366 17135
1317 122
2100 7119
157 13410
302 722
28 2360
560 7571
10141 61
9959 1230
3634 3763
1075 3966
7122 1046
5230 869
3580 8948
7152 1280
6603 10229
4274 2896
12257 2823
2556 567
686 2792
5411 1097
310 3138
1572 2005
9482 12774
1 473
19949 14306
6186 1000
1973 15471
799 2702
7620 83
6393 2247
4234 3840
6042 16909
8329 4260
4228 365
2061 12071
2111 2261
30 7936
1538 10260
24076 15778
8597 7758
14409 2100
9797 8125
292 1510
7445 22010
8728 14929
7331 9595
388 814
569 3105
569 7002
13494 3584
10624 389
14259 4266
6558 2507
11237 4311
13168 310
4386 1437
4617 7351
16702 1083
122 4132
4359 27063
142 2254
3793 10720
63 4398
1762 3676
16677 16711
12887 14769
288 7617
1109 5320
63 3346
1031 2202
4233 2141
4213 3297
17902 9938
4452 4289
22174 5904
11112 2893
11666 2257
190 7128
1211 1522
1871 1724
13888 122
2245 6772
4332 369
1951 13170
8830 1968
1726 1538
9368 473
6523 2300
24219 8967
10035 11929
2470 13983
2166 5629
738 9028
1964 136
16382 8342
8285 2398
8107 413
4085 2968
63 12664
103 10389
3778 41
9244 9679
2159 227
4405 10680
5767 4709
3819 920
6806 7694
1526 10364
6614 11851
423 52
1740 1562
15729 4460
4833 16047
2548 19050
11532 20065
1622 16035
6522 7336
11819 7733
811 2048
5291 2905
764 6500
7225 10668
3786 615
10356 507
9486 22136
22225 523
9121 3592
8315 9407
17445 5263
1207 349
1875 4166
5963 1895
2495 1029
10804 2040
3282 85
15190 122
12377 6208
4 3262
148 899
1638 2093
5112 8730
5793 13653
10889 5878
12305 4477
23100 4226
21558 42
4743 2763
7590 11872
7374 4447
3936 5
14906 12741
1161 1129
2837 1190
3904 63
1696 10297
6752 14474
5162 2823
1813 780
9734 4099
362 3178
1801 9844
5327 1677
321 14067
6760 14766
321 12140
27728 8382
2112 1942
1035 15128
484 9216
203 3775
6697 2770
1176 770
14347 7006
999 5413
4281 10410
1666 2600
5135 6401
10108 3514
2286 7888
292 3985
1176 2679
869 2820
2300 274
10306 3747
5729 5409
261 3
12716 277
12200 12603
1003 3985
872 13426
330 11893
5447 15550
9493 1680
6170 8937
12914 26721
13057 745
1280 1908
8717 246
4067 1137
9226 23115
740 2383
2694 2306
2194 18758
349 5601
7646 2537
952 7045
423 13881
9570 6190
1570 2653
819 1074
2210 3819
5970 14592
11862 6782
10902 20508
5115 5387
1522 9327
2198 830
4197 452
6574 5292
166 23
2075 14781
1016 4695
1388 13798
2364 1105
1172 3920
278 12581
6230 7340
23 5180
7265 5554
6807 1543
2805 2505
3492 510
12939 9697
1033 5232
5472 122
6269 3290
1068 965
9324 16212
1942 15393
2366 1160
212 15126
6742 2367
259 12346
6191 6889
215 4578
302 3802
120 4386
12226 2805
523 5972
5232 406
272 8347
12197 1600
1753 15993
9276 921
2384 1508
5519 647
619 3730
1126 3245
1176 10297
1147 9
10745 26524
1154 4095
4322 9996
8052 3222
2823 8177
288 12318
14409 2300
5587 684
19253 15947
3334 893
2818 13431
3650 11371
4828 16375
17527 3974
1536 1583
110 13322
140 11532
1933 842
11348 548
3338 1506
1017 14959
14024 4820
6157 7185
10093 11776
3169 16263
2919 166
7089 12837
165 1951
14678 12888
9186 5098
2412 6486
9434 6163
3254 1220
1546 41
7170 5174
8252 9321
9541 2683
276 20998
6089 12231
9189 4266
4678 13
2179 927
11300 2768
14251 2017
3883 1576
907 8359
140 16720
14028 17407
934 8354
4313 1796
321 3318
743 1711
13 4675
9475 5411
10262 1650
14738 1767
3030 3929
11265 8476
1806 2784
870 9251
2415 3157
6544 889
6598 61
8554 2526
2396 6059
7933 7779
1951 5549
6324 8738
9676 10231
8044 2126
16778 321
2523 506
5306 24369
246 3484
9788 12892
14355 10625
1067 13320
435 4702
1788 3679
3189 9075
4266 1587
117 7316
6528 889
13145 16897
1921 20793
3467 5940
1200 5108
12803 5480
2320 1239
11717 1173
1529 16414
11801 63
12163 13579
1976 13889
11660 16759
7042 6851
11876 122
550 567
4286 622
7185 4457
3647 7232
2842 645
9226 61
1146 6026
16663 24312
1653 9845
4258 8768
2194 5894
1434 2441
7296 581
9420 103
16381 7004
615 10102
2460 3252
12561 4503
2813 8602
4310 10038
11149 14660
21140 23115
22392 2823
4251 249
24161 42
3779 13297
8356 14667
17754 14606
7824 2896
321 3726
10292 8138
239 4812
647 2804
198 14015
2939 10858
2270 118
3989 3993
302 13240
3772 2367
110 15578
12140 1453
9764 13168
13480 5249
553 12819
6711 11901
3100 4623
11790 4855
26189 3603
1748 1190
1788 9849
232 17678
3706 16335
349 1686
2832 4697
3213 14226
4339 1975
1954 9831
13228 870
4052 3601
13877 14615
853 6042
63 12221
14512 8547
5413 10233
5098 9399
6594 10516
2292 1844
7149 321
4672 13
1451 494
3254 3244
7204 1100
6994 1067
6336 4334
9304 2279
7131 120
11234 6655
7979 10178
4031 718
2799 2642
11779 4623
1165 7186
10537 13495
8386 2917
4782 28
9463 17256
6302 198
335 5907
10308 9571
2823 7140
941 721
10390 316
23816 8505
2002 776
1751 1170
1013 1195
15396 17224
261 307
9977 24294
579 14514
12128 9353
302 1809
452 5112
828 444
186 2014
622 9584
3768 166
2642 2897
103 2134
1984 3137
12025 2085
3562 2837
23112 3603
295 13178
11079 198
10546 188
20267 21488
13397 1171
122 17763
3886 5147
5204 11633
10731 2761
26536 1098
12429 63
14338 9103
1991 168
7255 4721
5687 3604
494 4213
6060 16108
15707 1835
223 188
6069 103
2284 4215
103 8341
9727 7506
1041 6201
17087 122
1745 261
11705 914
6244 128
6817 8654
17671 6532
2430 7191
934 4763
3507 11118
120 11700
804 11350
6169 72
5270 4099
2141 20117
13009 2475
1082 2813
396 9685
1280 6716
1463 1084
2644 2757
9726 8447
9577 1130
1107 870
2378 810
8720 1886
4226 12077
4340 1511
11355 1908
1771 1505
793 3636
3913 2859
156 1844
7571 589
1294 8638
80 1851
1767 1605
278 6069
12512 9091
1690 13882
2887 2151
5118 12776
321 14906
10842 8123
22605 17731
2257 1988
10931 157
6069 5968
2715 349
3316 5818
168 4034
2398 11666
11355 3162
1557 6083
1519 404
9559 5419
4099 6034
1255 9536
5904 23
840 1961
2307 12885
3974 8548
10621 212
387 110
288 1067
8829 122
1097 5127
9054 988
4924 63
3790 2472
12182 2479
302 9937
3343 447
4662 28
11960 755
360 5994
2155 5180
1075 1374
23000 5640
16843 12176
11243 399
153 9101
436 23880
1237 4238
14487 6201
126 17230
980 20275
970 7289
6228 1252
3588 7265
7085 14981
122 13050
6725 4805
233 13306
22117 20117
1921 1116
7940 24495
14249 13917
1099 716
6904 3597
4127 20236
230 4243
1000 9771
3030 3553
10964 7469
321 3731
3691 2951
10296 166
2120 852
2621 2733
5414 321
4930 106
20119 9932
7114 7514
8364 4362
4750 12811
9713 9668
1680 650
9101 10923
297 12233
5973 10761
208 10267
15773 6832
526 883
71 11089
14383 4460
310 519
415 1551
6208 4460
4197 14024
5733 16882
9324 3940
9265 6603
14465 22298
9999 2842
7351 1752
4635 3763
432 106
3393 3482
6910 11041
5395 9990
9439 6808
103 2188
6742 12620
566 661
2148 4828
893 14246
1999 423
14945 4342
9881 12084
6169 1506
4506 3950
103 1977
10049 2300
1075 17312
12912 6178
6808 3646
5857 5151
20214 20010
16053 16226
2479 129
4975 1135
9808 6677
1919 1662
11405 12489
4340 15528
9831 61
436 7123
2505 4190
1660 2058
1669 7030
35 8113
3040 1195
6607 2477
11690 1308
17769 9505
14423 2240
920 2316
9595 16660
3998 2798
4315 1067
2508 15869
8179 383
1370 8255
301 5287
474 611
2387 301
1745 10749
6820 10542
8898 12318
11191 3916
8353 4675
6558 2194
3892 20132
3306 3074
3864 920
10712 615
9586 9242
8466 17024
35 1942
2905 4605
23456 21724
826 3143
9678 10575
5808 2040
2405 3280
3334 9756
5287 7185
647 5931
4701 388
236 21775
3551 2943
1619 1225
12547 4550
7807 9158
9003 9109
10584 3189
2537 1588
16038 615
4430 9321
10436 21922
1714 4426
6643 941
5204 360
862 1893
127 13417
9935 619
11379 3122
23665 5156
558 1933
12405 7858
2318 35
14135 615
1154 2895
865 306
2473 2247
17123 349
6105 2405
3178 10069
6911 16597
16460 1800
1942 122
9518 1634
1704 8290
5791 5083
1463 14097
8340 5265
3806 14679
321 3658
429 9129
16742 13142
12699 3018
4129 7779
6954 3808
4666 10055
7442 41
3870 3566
19845 1295
3763 2464
7736 14299
6851 7029
6941 7280
6208 615
804 11912
9959 103
11735 6823
239 10429
6910 10807
63 1354
2702 615
7065 13000
39 1746
168 1942
2018 14925
3349 3735
4314 12978
23587 2825
321 6697
12909 869
1835 758
16212 3638
15664 106
21334 4254
965 13050
826 3624
2604 2823
9616 3588
6719 2320
2655 9298
42 4572
4183 2163
4382 63
9323 3752
7051 867
1154 826
4991 2378
24558 2433
3663 6
6103 122
423 12001
3877 13897
4158 246
5428 679
13139 140
6907 2742
8197 7897
8354 9808
3115 11133
9845 292
5146 14028
16607 12060
5694 1767
10250 11532
1437 754
6199 964
12471 16988
5785 5666
2376 9125
8654 338
535 5096
7848 10996
7331 30
1637 261
588 1767
6163 1653
1771 4542
20425 6783
2683 6906
3083 63
718 2318
10574 14880
862 2806
117 3602
2568 4342
6123 20083
3024 2545
14846 5143
1790 128
2942 16040
373 3584
21334 14269
721 14309
7047 5279
12063 647
16289 3634
15980 16291
9060 1942
1720 90
1649 2101
17151 2496
1568 1969
10040 6975
1117 5218
6045 519
3527 7125
17580 945
1117 8917
971 21021
567 5117
9999 8430
4322 1635
3384 1930
1940 6490
423 246
3578 1833
360 10498
21459 1594
146 12460
3636 16276
12746 21328
5117 4655
2730 7681
2810 849
4099 4615
13976 2153
1529 5546
743 589
316 5117
2722 4341
9219 7033
5104 13717
17621 2372
995 5228
2085 8139
10399 14411
952 2060
4987 14165
12412 13587
129 4970
70 7110
6858 1833
6352 8028
1083 4305
455 7661
1988 2329
1074 475
1999 8551
20888 2367
6522 7534
12734 11854
2532 23622
2046 11476
1913 2748
1642 7586
1942 4542
5869 3608
20314 9373
9242 10435
239 4861
1642 12480
13896 1121
1071 6790
740 5057
4723 34
14926 537
3995 12197
7155 127
1496 9903
10801 21895
11127 9448
537 1047
8682 869
4046 1568
2697 9507
9347 2768
2728 24794
3502 11787
131 4560
349 15346
11126 8901
8592 1576
4350 2537
79 1760
10456 306
4150 2194
910 20232
5496 8466
4530 7779
2568 4322
5473 9831
4986 11111
2848 97
10208 10539
7838 10516
1748 952
15235 295
10339 1464
6794 5117
9756 3087
13288 127
414 22252
8689 912
6880 11431
287 12440
10235 166
1033 11377
8458 168
63 8826
4181 1031
11480 2534
5387 2465
9720 1789
15049 1632
8796 2742
23005 5808
8433 9619
3826 13134
13590 9558
6575 1698
589 164
3910 12471
1177 2996
12231 1463
15627 1251
1257 63
3320 120
4867 12849
14010 15013
1819 6747
3734 2722
9054 7811
240 9938
436 232
589 7258
6810 5459
9660 15040
20945 4723
3161 1518
6680 12683
1743 11647
12813 3466
1983 9831
2998 1833
5286 140
10686 24748
4318 8299
2842 250
4602 4750
4311 14951
842 15457
1959 378
949 3012
7767 781
9368 362
6027 16101
166 21356
9337 7516
3819 6163
1711 16818
8103 26071
4888 2536
2123 12016
22445 8895
6223 1595
2542 18205
4851 4729
10539 6773
6020 154
1558 967
8995 5440
676 9997
12281 3636
12874 7166
332 1809
6831 13318
7562 24225
4950 5418
230 4564
4261 9515
22809 4285
6965 30
1067 9666
42 4779
321 8395
5951 5447
39 4775
9262 36
38 128
17356 279
6148 1085
7262 120
122 19724
373 11755
260 3776
14230 2530
12016 10072
396 8827
7502 1379
244 4186
2148 17016
631 2863
7467 13227
12483 63
2308 4266
2809 13515
4272 752
5422 5551
894 9904
749 4096
5590 63
6816 2342
4193 4833
2202 1815
360 104
17 5254
11873 1841
13151 122
4460 8738
4572 3002
876 55
4833 21258
14773 11500
12044 7051
5315 2820
10859 4317
10360 1718
2334 2077
745 382
5324 27
5679 246
13917 9562
9778 63
6781 6743
8827 2699
7025 749
1962 6173
10118 4609
16791 12058
13217 8364
1072 3
2329 9281
3387 16090
12502 16915
11878 425
360 1831
5904 4634
9808 4477
3679 2717
20610 5709
567 1840
1057 11598
14601 8283
928 8550
10854 4099
254 3748
261 1106
10501 62
961 1431
13166 8530
6930 1500
712 2304
1562 6719
14258 4447
44 860
20947 2823
2732 2823
4872 5247
11047 27717
4461 13345
13247 22373
128 6671
8900 642
11314 2010
1388 686
321 5225
325 25897
6259 9207
21369 3634
92 1561
4714 122
6542 6114
106 13994
136 8708
1815 9938
7477 4195
1180 378
2122 5562
444 4352
8138 7779
4384 2567
5629 10899
2479 6598
7195 2112
4871 2289
14977 4084
20545 949
3220 8380
1507 3282
11237 240
2280 13897
8383 21085
127 15441
10307 4253
4313 3109
14346 11399
1700 135
3123 63
7207 8624
11127 1783
4125 1542
3019 995
2485 4733
684 5408
7201 12226
3175 566
791 2425
2693 17371
432 1586
12061 11441
3936 146
14830 20150
12656 9722
16922 21562
5277 10507
6779 3649
8906 6775
13200 3850
4619 10166
2014 2717
8558 7696
4543 1608
23 3474
8876 2300
5879 3016
9462 3230
6263 1776
498 9118
20801 1647
5266 561
4316 1642
